0.000000E+00  0.985607E+00
0.108660E+00  0.985607E+00
0.154110E+00  0.986233E+00
0.189320E+00  0.986233E+00
0.219250E+00  0.986859E+00
0.245840E+00  0.986859E+00
0.270050E+00  0.987484E+00
0.292450E+00  0.987484E+00
0.313420E+00  0.988110E+00
0.333190E+00  0.988110E+00
0.351940E+00  0.988736E+00
0.369810E+00  0.988736E+00
0.386900E+00  0.989362E+00
0.403280E+00  0.989987E+00
0.419030E+00  0.989987E+00
0.434190E+00  0.990613E+00
0.448810E+00  0.991239E+00
0.462940E+00  0.991239E+00
0.476620E+00  0.991865E+00
0.489870E+00  0.992491E+00
0.502730E+00  0.993116E+00
0.515220E+00  0.993116E+00
0.527370E+00  0.993742E+00
0.539200E+00  0.994368E+00
0.550710E+00  0.994368E+00
0.561940E+00  0.994994E+00
0.572880E+00  0.994994E+00
0.583560E+00  0.995620E+00
0.593990E+00  0.995620E+00
0.604170E+00  0.996245E+00
0.614110E+00  0.996245E+00
0.623820E+00  0.996871E+00
0.633310E+00  0.996871E+00
0.642580E+00  0.997497E+00
0.651650E+00  0.997497E+00
0.660530E+00  0.998123E+00
0.669210E+00  0.998123E+00
0.677700E+00  0.998123E+00
0.686010E+00  0.998748E+00
0.694160E+00  0.998748E+00
0.702140E+00  0.998748E+00
0.709950E+00  0.998748E+00
0.717620E+00  0.999374E+00
0.725140E+00  0.999374E+00
0.732510E+00  0.999374E+00
0.739750E+00  0.999374E+00
0.746860E+00  0.999374E+00
0.753850E+00  0.999374E+00
0.760710E+00  0.999374E+00
0.767460E+00  0.999374E+00
0.774100E+00  0.999374E+00
0.780640E+00  0.999374E+00
0.787070E+00  0.999374E+00
0.793410E+00  0.999374E+00
0.799650E+00  0.999374E+00
0.805800E+00  0.999374E+00
0.811860E+00  0.999374E+00
0.817840E+00  0.999374E+00
0.823740E+00  0.999374E+00
0.829560E+00  0.999374E+00
0.835310E+00  0.999374E+00
0.840980E+00  0.999374E+00
0.846570E+00  0.999374E+00
0.852100E+00  0.999374E+00
0.857550E+00  0.998748E+00
0.862940E+00  0.998748E+00
0.868260E+00  0.998748E+00
0.873510E+00  0.998748E+00
0.878690E+00  0.998748E+00
0.883810E+00  0.998748E+00
0.888860E+00  0.998748E+00
0.893840E+00  0.998748E+00
0.898750E+00  0.998748E+00
0.903590E+00  0.998748E+00
0.908360E+00  0.998748E+00
0.913060E+00  0.998748E+00
0.917690E+00  0.998748E+00
0.922250E+00  0.998748E+00
0.926730E+00  0.998748E+00
0.931140E+00  0.998748E+00
0.935470E+00  0.998748E+00
0.939730E+00  0.998748E+00
0.943900E+00  0.999374E+00
0.948000E+00  0.999374E+00
0.952020E+00  0.999374E+00
0.955960E+00  0.999374E+00
0.959820E+00  0.999374E+00
0.963600E+00  0.999374E+00
0.967300E+00  0.999374E+00
0.970920E+00  0.999374E+00
0.974460E+00  0.999374E+00
0.977920E+00  0.100000E+01
0.981310E+00  0.100000E+01
0.984620E+00  0.100000E+01
0.987850E+00  0.100000E+01
0.991010E+00  0.100000E+01
0.994100E+00  0.100000E+01
0.997110E+00  0.100000E+01
0.100000E+01  0.100000E+01
