   3.4429846       1.0000000      0.59328597E-01   1.0000000       14.162751       1.1835380    
   3.4425504      0.99996036      0.59299868E-01  0.99951762       14.162845       1.1828954    
   3.4412453      0.99984193      0.59216041E-01  0.99808186       14.162981       1.1809829    
   3.4390616      0.99964619      0.59084196E-01  0.99572617       14.162724       1.1778467    
   3.4359863      0.99937576      0.58916159E-01  0.99250710       14.161343       1.1735630    
   3.4320014      0.99903423      0.58728579E-01  0.98850381       14.157812       1.1682398    
   3.4270840      0.99862617      0.58542859E-01  0.98381793       14.150805       1.1620154    
   3.4212391      0.99815291      0.58377456E-01  0.97850603       14.138680       1.1549685    
   3.4144733      0.99761623      0.58254447E-01  0.97263736       14.119478       1.1471946    
   3.4067879      0.99701756      0.58193665E-01  0.96627796       14.091448       1.1387858    
   3.3982098      0.99635273      0.58196381E-01  0.95940065       14.053741       1.1297073    
   3.3887541      0.99562037      0.58266159E-01  0.95202154       14.005870       1.1199836    
   3.3784442      0.99481654      0.58389179E-01  0.94411147       13.948867       1.1095775    
   3.3673012      0.99393922      0.58549702E-01  0.93566597       13.884238       1.0984857    
   3.3553462      0.99298698      0.58733832E-01  0.92670083       13.813592       1.0867324    
   3.3426011      0.99195951      0.58925636E-01  0.91724944       13.739169       1.0743636    
   3.3290820      0.99085641      0.59108265E-01  0.90735018       13.663811       1.0614312    
   3.3148112      0.98967612      0.59264749E-01  0.89702499       13.590475       1.0479708    
   3.2998455      0.98842072      0.59387952E-01  0.88631809       13.520037       1.0340418    
   3.2842388      0.98709100      0.59466805E-01  0.87526959       13.453939       1.0197001    
   3.2680399      0.98568517      0.59502590E-01  0.86390072       13.391019       1.0049766    
   3.2512982      0.98420167      0.59496060E-01  0.85221601       13.330314      0.98988223    
   3.2340577      0.98263794      0.59450101E-01  0.84020752       13.270464      0.97440672    
   3.2164054      0.98099381      0.59363905E-01  0.82795560       13.210449      0.95866001    
   3.1984313      0.97927076      0.59239626E-01  0.81546950       13.149487      0.94265419    
   3.1802242      0.97746915      0.59085082E-01  0.80277944       13.085150      0.92643774    
   3.1618562      0.97558558      0.58897004E-01  0.78987581       13.017643      0.90999746    
   3.1434491      0.97361970      0.58686543E-01  0.77682203       12.943897      0.89341831    
   3.1251366      0.97157168      0.58444250E-01  0.76363820       12.865611      0.87672836    
   3.1070411      0.96944028      0.58170356E-01  0.75033444       12.782423      0.85994649    
   3.0892842      0.96722305      0.57854816E-01  0.73692232       12.695844      0.84309614    
   3.0720396      0.96492207      0.57490360E-01  0.72345573       12.607331      0.82624412    
   3.0554202      0.96253383      0.57071216E-01  0.70994431       12.517728      0.80940765    
   3.0395553      0.96006054      0.56593835E-01  0.69641733       12.427804      0.79263031    
   3.0245652      0.95749992      0.56058042E-01  0.68289363       12.337676      0.77593470    
   3.0105619      0.95485246      0.55464812E-01  0.66939473       12.247464      0.75935501    
   2.9976454      0.95211577      0.54812919E-01  0.65596616       12.157306      0.74296361    
   2.9859219      0.94928968      0.54104507E-01  0.64261168       12.067338      0.72675925    
   2.9754808      0.94637352      0.53341720E-01  0.62935942       11.977512      0.71077538    
   2.9664228      0.94336855      0.52524667E-01  0.61622870       11.888494      0.69506329    
   2.9588313      0.94027114      0.51659647E-01  0.60321981       11.799971      0.67965907    
   2.9527888      0.93708128      0.50748046E-01  0.59032243       11.712672      0.66458189    
   2.9483852      0.93380123      0.49797963E-01  0.57754266       11.626002      0.64987397    
   2.9456928      0.93042737      0.48807997E-01  0.56488246       11.541516      0.63557589    
   2.9447885      0.92695743      0.47789924E-01  0.55234355       11.458001      0.62170857    
   2.9457507      0.92339450      0.46745662E-01  0.53992027       11.377004      0.60825628    
   2.9486434      0.91973668      0.45690890E-01  0.52761388       11.296970      0.59520370    
   2.9535389      0.91598320      0.44627611E-01  0.51542753       11.219560      0.58252746    
   2.9605041      0.91213191      0.43570973E-01  0.50335628       11.143018      0.57020211    
   2.9695973      0.90818441      0.42528812E-01  0.49139765       11.067143      0.55820346    
   2.9808838      0.90413994      0.41509096E-01  0.47955024       10.991407      0.54650843    
   2.9944186      0.89999336      0.40531091E-01  0.46782681       10.912887      0.53511697    
   3.0102541      0.89575064      0.39588295E-01  0.45621195       10.833475      0.52398431    
   3.0284448      0.89140803      0.38693596E-01  0.44471261       10.750809      0.51310027    
   3.0490334      0.88696367      0.37839185E-01  0.43332678       10.667397      0.50244123    
   3.0720623      0.88241553      0.37011508E-01  0.42205471       10.586868      0.49198687    
   3.0975695      0.87776858      0.36216129E-01  0.41089371       10.507372      0.48171255    
   3.1255829      0.87301743      0.35421837E-01  0.39984882       10.437321      0.47160456    
   3.1561263      0.86816549      0.34648027E-01  0.38891217       10.369884      0.46163294    
   3.1892157      0.86320943      0.33856776E-01  0.37808853       10.314860      0.45178178    
   3.2248564      0.85814601      0.33072513E-01  0.36737803       10.263330      0.44202992    
   3.2630420      0.85297853      0.32245021E-01  0.35677615       10.227845      0.43235308    
   3.3037572      0.84770548      0.31406134E-01  0.34628311       10.196299      0.42273188    
   3.3469670      0.84232569      0.30503131E-01  0.33590367       10.182154      0.41314644    
   3.3926258      0.83683735      0.29570743E-01  0.32563239       10.171368      0.40357402    
   3.4406941      0.83124453      0.28587900E-01  0.31546944       10.167899      0.39399317    
   3.4911349      0.82554084      0.27565408E-01  0.30541393       10.165597      0.38438407    
   3.5439215      0.81972748      0.26511986E-01  0.29546893       10.158645      0.37472466    
   3.5990419      0.81380451      0.25413401E-01  0.28563109       10.150455      0.36499354    
   3.6564810      0.80777198      0.24283458E-01  0.27589944       10.134713      0.35517046    
   3.7162371      0.80162799      0.23105485E-01  0.26627430       10.117619      0.34523556    
   3.7783105      0.79536986      0.21883279E-01  0.25675637       10.097899      0.33516562    
   3.8427029      0.78900051      0.20616246E-01  0.24734472       10.077829      0.32493842    
   3.9094236      0.78251702      0.19310342E-01  0.23803800       10.059591      0.31453684    
   3.9784794      0.77592194      0.17974287E-01  0.22883542       10.057446      0.30394730    
   4.0498810      0.76921105      0.16602201E-01  0.21973886       10.057669      0.29318428    
   4.1236405      0.76238269      0.15217302E-01  0.21074557       10.057650      0.28229332    
   4.1997685      0.75544280      0.13807144E-01  0.20185411       10.057650      0.27131721    
   4.2782640      0.74838269      0.12412166E-01  0.19306192       10.057650      0.26029491    
   4.3591247      0.74120641      0.11013371E-01  0.18436283       10.057650      0.24927028    
   4.4423447      0.73391503      0.96696988E-02  0.17575295       10.057650      0.23828515    
   4.5279775      0.72649992      0.83701769E-02  0.16722882       10.057650      0.22738233    
   4.6161504      0.71897012      0.71712844E-02  0.15878476       10.057650      0.21660303    
   4.7070513      0.71131700      0.60676690E-02  0.15041673       10.057650      0.20598988    
   4.8008561      0.70354646      0.50966116E-02  0.14212023       10.057650      0.19558412    
   4.8977299      0.69565362      0.42472864E-02  0.13389148       10.057650      0.18542944    
   4.9978108      0.68763965      0.35298332E-02  0.12572619       10.057650      0.17556444    
   5.1012344      0.67950290      0.29261154E-02  0.11761898       10.057650      0.16603741    
   5.2081189      0.67123061      0.24299982E-02  0.10956658       10.057650      0.15687919    
   5.3185630      0.66260284      0.20232357E-02  0.10156296       10.057650      0.14814608    
   5.4326005      0.65305078      0.17012219E-02  0.93605690E-01   10.057650      0.13986875    
   5.5502634      0.64192009      0.14429631E-02  0.85689664E-01   10.057650      0.13208696    
   5.6716719      0.62847757      0.12399807E-02  0.77809744E-01   10.057650      0.12484783    
   5.7971177      0.61207443      0.10652373E-02  0.69961697E-01   10.057650      0.11813066    
   5.9268742      0.59207547      0.90915815E-03  0.62142454E-01   10.057650      0.11186504    
   6.0607071      0.56780386      0.74765476E-03  0.54347251E-01   10.057650      0.10597644    
   6.1973920      0.53858072      0.57223073E-03  0.46570703E-01   10.057650      0.10039062    
   6.3354774      0.50371802      0.37226133E-03  0.38807493E-01   10.057650      0.95031597E-01
   6.4774208      0.46258605      0.16675635E-03  0.31054249E-01   10.057650      0.89824647E-01
   6.6332626      0.41537321     -0.10270014E-07  0.23310427E-01   10.057651      0.84697723E-01
