   0    0  -0.500E-02   0.105E+01   0.103E+01   0.147E+01
   0    1  -0.490E-02  -0.430E+00   0.832E+00   0.937E+00
   0    2  -0.480E-02  -0.815E+00  -0.483E+00   0.948E+00
   0    3  -0.470E-02   0.991E+00  -0.174E+01   0.201E+01
   0    4  -0.460E-02   0.131E+01   0.753E+00   0.151E+01
   0    5  -0.450E-02  -0.116E+00   0.995E+00   0.100E+01
   0    6  -0.440E-02   0.380E+00  -0.480E+00   0.612E+00
   0    7  -0.430E-02   0.796E-01   0.438E+00   0.445E+00
   0    8  -0.420E-02  -0.150E+00  -0.156E+00   0.216E+00
   0    9  -0.410E-02   0.117E+00  -0.582E+00   0.593E+00
   0   10  -0.400E-02   0.921E+00   0.217E-01   0.921E+00
   0   11  -0.390E-02  -0.548E-01   0.296E-01   0.623E-01
   0   12  -0.380E-02   0.234E+00  -0.100E+01   0.103E+01
   0   13  -0.370E-02  -0.150E+00  -0.754E-01   0.168E+00
   0   14  -0.360E-02   0.996E-02   0.498E+00   0.498E+00
   0   15  -0.350E-02  -0.270E+00   0.248E+00   0.367E+00
   0   16  -0.340E-02  -0.425E+00   0.163E+00   0.455E+00
   0   17  -0.330E-02  -0.243E+00  -0.689E-01   0.253E+00
   0   18  -0.320E-02  -0.303E+00   0.178E+00   0.351E+00
   0   19  -0.310E-02   0.601E+00  -0.317E-01   0.602E+00
   0   20  -0.300E-02   0.625E+00   0.611E+00   0.874E+00
   0   21  -0.290E-02  -0.231E+00   0.151E+00   0.276E+00
   0   22  -0.280E-02   0.538E+00  -0.434E+00   0.691E+00
   0   23  -0.270E-02   0.172E+00   0.149E-01   0.172E+00
   0   24  -0.260E-02  -0.374E+00   0.115E+01   0.121E+01
   0   25  -0.250E-02  -0.166E+01   0.821E+00   0.186E+01
   0   26  -0.240E-02  -0.463E+00   0.333E-02   0.463E+00
   0   27  -0.230E-02  -0.176E+01  -0.390E+01   0.428E+01
   0   28  -0.220E-02   0.127E+02   0.590E+01   0.140E+02
   0   29  -0.210E-02  -0.911E+01  -0.104E+01   0.917E+01
   0   30  -0.200E-02   0.102E+00  -0.125E+01   0.125E+01
   0   31  -0.190E-02   0.708E+00  -0.656E+00   0.966E+00
   0   32  -0.180E-02  -0.756E+00   0.489E+00   0.900E+00
   0   33  -0.170E-02   0.461E+00  -0.243E+00   0.521E+00
   0   34  -0.160E-02   0.768E+00   0.707E-01   0.771E+00
   0   35  -0.150E-02   0.492E+00   0.156E+01   0.164E+01
   0   36  -0.140E-02   0.124E+00   0.520E+00   0.535E+00
   0   37  -0.130E-02  -0.935E+00   0.201E+00   0.956E+00
   0   38  -0.120E-02   0.639E-01  -0.682E+00   0.685E+00
   0   39  -0.110E-02   0.837E+00  -0.691E+00   0.109E+01
   0   40  -0.100E-02   0.518E+00   0.446E+00   0.683E+00
   0   41  -0.900E-03   0.293E-01   0.445E+00   0.446E+00
   0   42  -0.800E-03  -0.460E-01  -0.107E+00   0.117E+00
   0   43  -0.700E-03   0.462E-01   0.736E-01   0.869E-01
   0   44  -0.600E-03  -0.211E-01   0.436E-01   0.485E-01
   0   45  -0.500E-03  -0.723E-01  -0.756E-01   0.105E+00
   0   46  -0.400E-03   0.512E-01  -0.114E-01   0.524E-01
   0   47  -0.300E-03   0.604E-02   0.206E-01   0.215E-01
   0   48  -0.200E-03   0.475E-01   0.363E-01   0.598E-01
   0   49  -0.100E-03   0.130E-01  -0.315E-01   0.340E-01
   0   50   0.136E-18   0.163E+00   0.596E-01   0.174E+00
   0   51   0.100E-03  -0.357E-01   0.356E+00   0.358E+00
   0   52   0.200E-03  -0.155E+00   0.140E+00   0.209E+00
   0   53   0.300E-03  -0.169E+00   0.751E-01   0.185E+00
   0   54   0.400E-03  -0.331E-04  -0.677E-01   0.677E-01
   0   55   0.500E-03   0.641E-01  -0.470E-01   0.795E-01
   0   56   0.600E-03   0.216E+00   0.937E-03   0.216E+00
   0   57   0.700E-03   0.191E+00   0.148E+00   0.242E+00
   0   58   0.800E-03  -0.109E+00   0.166E+00   0.198E+00
   0   59   0.900E-03  -0.268E-03   0.113E+00   0.113E+00
   0   60   0.100E-02  -0.333E+00   0.421E+00   0.537E+00
   0   61   0.110E-02  -0.341E+00  -0.498E+00   0.604E+00
   0   62   0.120E-02   0.342E+00  -0.197E+00   0.394E+00
   0   63   0.130E-02  -0.506E+00  -0.352E-01   0.507E+00
   0   64   0.140E-02   0.766E+00  -0.364E+00   0.848E+00
   0   65   0.150E-02   0.443E+00   0.140E+01   0.147E+01
   0   66   0.160E-02  -0.164E+01   0.669E+00   0.177E+01
   0   67   0.170E-02  -0.988E+00  -0.621E+00   0.117E+01
   0   68   0.180E-02   0.600E+00  -0.557E+00   0.819E+00
   0   69   0.190E-02   0.138E+01   0.137E+00   0.139E+01
   0   70   0.200E-02  -0.127E+00   0.103E+01   0.103E+01
   0   71   0.210E-02   0.930E-01   0.167E+00   0.191E+00
   0   72   0.220E-02  -0.733E+00   0.561E+00   0.923E+00
   0   73   0.230E-02  -0.446E+00  -0.625E+00   0.768E+00
   0   74   0.240E-02   0.330E+00  -0.260E+00   0.420E+00
   0   75   0.250E-02   0.477E+00  -0.426E-03   0.477E+00
   0   76   0.260E-02   0.278E-02   0.114E+00   0.114E+00
   0   77   0.270E-02  -0.623E-01   0.116E+00   0.131E+00
   0   78   0.280E-02   0.253E+00   0.261E+00   0.363E+00
   0   79   0.290E-02  -0.447E+00   0.733E+00   0.859E+00
   0   80   0.300E-02  -0.597E+00  -0.273E+00   0.657E+00
   0   81   0.310E-02   0.307E+00  -0.854E+00   0.907E+00
   0   82   0.320E-02   0.891E+00  -0.515E+00   0.103E+01
   0   83   0.330E-02  -0.323E+00   0.470E+00   0.571E+00
   0   84   0.340E-02  -0.596E+00  -0.727E+00   0.940E+00
   0   85   0.350E-02   0.909E-01   0.666E+00   0.672E+00
   0   86   0.360E-02  -0.991E+00   0.217E-01   0.991E+00
   0   87   0.370E-02  -0.711E+00  -0.413E+00   0.822E+00
   0   88   0.380E-02   0.373E-01   0.104E+00   0.110E+00
   0   89   0.390E-02  -0.384E+00   0.290E+00   0.481E+00
   0   90   0.400E-02   0.762E-01   0.118E+00   0.141E+00
   0   91   0.410E-02  -0.804E+00   0.250E+00   0.842E+00
   0   92   0.420E-02   0.101E+01  -0.484E+00   0.112E+01
   0   93   0.430E-02  -0.390E-01   0.114E+01   0.114E+01
   0   94   0.440E-02  -0.114E+01   0.385E+00   0.121E+01
   0   95   0.450E-02  -0.106E+01  -0.787E+00   0.132E+01
   0   96   0.460E-02   0.308E+00  -0.369E+00   0.480E+00
   0   97   0.470E-02  -0.157E+00   0.720E+00   0.737E+00
   0   98   0.480E-02  -0.121E+01  -0.118E+01   0.169E+01
   0   99   0.490E-02   0.237E+01   0.109E+01   0.261E+01
   1    0  -0.500E-02  -0.728E+01   0.141E+02   0.159E+02
   1    1  -0.490E-02  -0.877E+01   0.971E+01   0.131E+02
   1    2  -0.480E-02  -0.349E+01  -0.409E+01   0.538E+01
   1    3  -0.470E-02   0.424E+01  -0.467E+01   0.631E+01
   1    4  -0.460E-02   0.982E+01   0.337E+01   0.104E+02
   1    5  -0.450E-02   0.134E+02   0.701E+01   0.151E+02
   1    6  -0.440E-02   0.113E+02   0.182E+02   0.214E+02
   1    7  -0.430E-02   0.152E+01   0.182E+02   0.182E+02
   1    8  -0.420E-02  -0.955E+01   0.126E+02   0.158E+02
   1    9  -0.410E-02  -0.187E+02   0.189E+01   0.188E+02
   1   10  -0.400E-02  -0.135E+02  -0.998E+01   0.168E+02
   1   11  -0.390E-02  -0.453E+01  -0.153E+02   0.160E+02
   1   12  -0.380E-02   0.947E+01  -0.613E+01   0.113E+02
   1   13  -0.370E-02   0.129E+02   0.564E+01   0.141E+02
   1   14  -0.360E-02   0.321E+01   0.166E+02   0.169E+02
   1   15  -0.350E-02  -0.865E+01   0.260E+02   0.274E+02
   1   16  -0.340E-02  -0.374E+02   0.334E+02   0.501E+02
   1   17  -0.330E-02  -0.667E+02   0.417E+01   0.668E+02
   1   18  -0.320E-02  -0.570E+02  -0.145E+02   0.588E+02
   1   19  -0.310E-02  -0.218E+02  -0.585E+01   0.226E+02
   1   20  -0.300E-02   0.310E+02   0.406E+02   0.511E+02
   1   21  -0.290E-02   0.313E+02   0.106E+03   0.111E+03
   1   22  -0.280E-02   0.518E+02   0.616E+02   0.804E+02
   1   23  -0.270E-02   0.342E+01   0.820E+02   0.821E+02
   1   24  -0.260E-02  -0.186E+02   0.685E+02   0.710E+02
   1   25  -0.250E-02  -0.646E+02   0.357E+02   0.738E+02
   1   26  -0.240E-02  -0.817E+02  -0.704E+02   0.108E+03
   1   27  -0.230E-02   0.500E+02  -0.347E+03   0.351E+03
   1   28  -0.220E-02   0.852E+03   0.575E+03   0.103E+04
   1   29  -0.210E-02  -0.621E+03  -0.409E+02   0.623E+03
   1   30  -0.200E-02  -0.370E+02  -0.942E+02   0.101E+03
   1   31  -0.190E-02   0.146E+02  -0.114E+03   0.115E+03
   1   32  -0.180E-02   0.760E+02  -0.512E+02   0.916E+02
   1   33  -0.170E-02   0.686E+02   0.377E+01   0.687E+02
   1   34  -0.160E-02   0.342E+02   0.356E+02   0.494E+02
   1   35  -0.150E-02   0.249E+01   0.430E+02   0.431E+02
   1   36  -0.140E-02  -0.240E+02   0.240E+02   0.340E+02
   1   37  -0.130E-02  -0.278E+02  -0.409E+01   0.281E+02
   1   38  -0.120E-02  -0.155E+02  -0.227E+02   0.275E+02
   1   39  -0.110E-02   0.872E+01  -0.280E+02   0.293E+02
   1   40  -0.100E-02   0.249E+02  -0.144E+02   0.287E+02
   1   41  -0.900E-03   0.256E+02   0.391E+01   0.259E+02
   1   42  -0.800E-03   0.148E+02   0.155E+02   0.214E+02
   1   43  -0.700E-03   0.132E+01   0.198E+02   0.198E+02
   1   44  -0.600E-03  -0.122E+02   0.133E+02   0.180E+02
   1   45  -0.500E-03  -0.163E+02  -0.164E+00   0.163E+02
   1   46  -0.400E-03  -0.950E+01  -0.115E+02   0.149E+02
   1   47  -0.300E-03   0.121E+01  -0.144E+02   0.145E+02
   1   48  -0.200E-03   0.109E+02  -0.736E+01   0.132E+02
   1   49  -0.100E-03   0.142E+02   0.496E+01   0.151E+02
   1   50   0.136E-18   0.109E+02   0.134E+02   0.172E+02
   1   51   0.100E-03  -0.151E+01   0.147E+02   0.148E+02
   1   52   0.200E-03  -0.933E+01   0.106E+02   0.141E+02
   1   53   0.300E-03  -0.126E+02   0.264E+01   0.129E+02
   1   54   0.400E-03  -0.733E+01  -0.525E+01   0.902E+01
   1   55   0.500E-03   0.650E+00  -0.797E+01   0.800E+01
   1   56   0.600E-03   0.828E+01  -0.539E+01   0.989E+01
   1   57   0.700E-03   0.116E+02   0.206E+01   0.118E+02
   1   58   0.800E-03   0.659E+01   0.106E+02   0.125E+02
   1   59   0.900E-03  -0.188E+01   0.118E+02   0.119E+02
   1   60   0.100E-02  -0.958E+01   0.787E+01   0.124E+02
   1   61   0.110E-02  -0.130E+02  -0.369E+00   0.130E+02
   1   62   0.120E-02  -0.916E+01  -0.911E+01   0.129E+02
   1   63   0.130E-02  -0.251E+01  -0.819E+01   0.857E+01
   1   64   0.140E-02   0.308E+01  -0.543E+00   0.312E+01
   1   65   0.150E-02   0.395E+01   0.264E+01   0.475E+01
   1   66   0.160E-02  -0.135E+01   0.118E+02   0.119E+02
   1   67   0.170E-02  -0.139E+02   0.978E+01   0.170E+02
   1   68   0.180E-02  -0.114E+02   0.336E+01   0.118E+02
   1   69   0.190E-02  -0.138E+02   0.742E+01   0.156E+02
   1   70   0.200E-02  -0.146E+02  -0.106E+02   0.180E+02
   1   71   0.210E-02   0.707E+01   0.109E+02   0.130E+02
   1   72   0.220E-02  -0.173E+02   0.693E+01   0.186E+02
   1   73   0.230E-02  -0.699E+01  -0.206E+01   0.729E+01
   1   74   0.240E-02   0.200E+01   0.156E+02   0.158E+02
   1   75   0.250E-02  -0.174E+02   0.203E+02   0.267E+02
   1   76   0.260E-02  -0.220E+02   0.128E+02   0.254E+02
   1   77   0.270E-02   0.757E+01   0.118E+02   0.140E+02
   1   78   0.280E-02  -0.117E+02   0.286E+02   0.309E+02
   1   79   0.290E-02  -0.490E+01   0.491E+01   0.694E+01
   1   80   0.300E-02   0.400E+01   0.395E+01   0.562E+01
   1   81   0.310E-02   0.918E+01   0.115E+02   0.147E+02
   1   82   0.320E-02   0.295E+01   0.140E+02   0.143E+02
   1   83   0.330E-02   0.232E+01   0.122E+02   0.125E+02
   1   84   0.340E-02  -0.555E+01   0.733E+01   0.919E+01
   1   85   0.350E-02  -0.615E-01   0.616E+01   0.616E+01
   1   86   0.360E-02  -0.934E+01   0.103E+02   0.139E+02
   1   87   0.370E-02  -0.800E+01  -0.222E+01   0.831E+01
   1   88   0.380E-02  -0.334E+01   0.203E+01   0.391E+01
   1   89   0.390E-02  -0.388E+01   0.233E+01   0.453E+01
   1   90   0.400E-02   0.241E+01   0.151E+02   0.153E+02
   1   91   0.410E-02  -0.741E+01   0.239E+02   0.250E+02
   1   92   0.420E-02  -0.169E+02   0.211E+02   0.271E+02
   1   93   0.430E-02  -0.550E+01   0.143E+02   0.153E+02
   1   94   0.440E-02   0.472E+01   0.771E+01   0.904E+01
   1   95   0.450E-02   0.298E+01   0.110E+02   0.114E+02
   1   96   0.460E-02   0.522E+01   0.105E+02   0.117E+02
   1   97   0.470E-02   0.250E+01   0.748E+01   0.788E+01
   1   98   0.480E-02   0.437E+01   0.132E+02   0.139E+02
   1   99   0.490E-02   0.133E+01   0.148E+02   0.149E+02
   2    0  -0.500E-02   0.165E+03  -0.183E+03   0.246E+03
   2    1  -0.490E-02   0.297E+03  -0.739E+02   0.307E+03
   2    2  -0.480E-02   0.302E+03   0.965E+02   0.317E+03
   2    3  -0.470E-02   0.166E+03   0.243E+03   0.294E+03
   2    4  -0.460E-02  -0.522E+02   0.264E+03   0.269E+03
   2    5  -0.450E-02  -0.222E+03   0.133E+03   0.259E+03
   2    6  -0.440E-02  -0.258E+03  -0.847E+02   0.271E+03
   2    7  -0.430E-02  -0.130E+03  -0.266E+03   0.296E+03
   2    8  -0.420E-02   0.102E+03  -0.301E+03   0.318E+03
   2    9  -0.410E-02   0.299E+03  -0.159E+03   0.339E+03
   2   10  -0.400E-02   0.343E+03   0.106E+03   0.359E+03
   2   11  -0.390E-02   0.167E+03   0.343E+03   0.381E+03
   2   12  -0.380E-02  -0.128E+03   0.397E+03   0.417E+03
   2   13  -0.370E-02  -0.419E+03   0.214E+03   0.470E+03
   2   14  -0.360E-02  -0.484E+03  -0.133E+03   0.502E+03
   2   15  -0.350E-02  -0.282E+03  -0.443E+03   0.525E+03
   2   16  -0.340E-02   0.106E+03  -0.526E+03   0.537E+03
   2   17  -0.330E-02   0.462E+03  -0.278E+03   0.539E+03
   2   18  -0.320E-02   0.571E+03   0.171E+03   0.596E+03
   2   19  -0.310E-02   0.280E+03   0.641E+03   0.700E+03
   2   20  -0.300E-02  -0.298E+03   0.783E+03   0.837E+03
   2   21  -0.290E-02  -0.937E+03   0.462E+03   0.104E+04
   2   22  -0.280E-02  -0.118E+04  -0.291E+03   0.121E+04
   2   23  -0.270E-02  -0.769E+03  -0.116E+04   0.139E+04
   2   24  -0.260E-02   0.277E+03  -0.162E+04   0.164E+04
   2   25  -0.250E-02   0.167E+04  -0.111E+04   0.201E+04
   2   26  -0.240E-02   0.245E+04   0.757E+03   0.256E+04
   2   27  -0.230E-02   0.425E+04   0.578E+04   0.718E+04
   2   28  -0.220E-02  -0.225E+05   0.361E+04   0.228E+05
   2   29  -0.210E-02   0.122E+05  -0.910E+04   0.152E+05
   2   30  -0.200E-02   0.240E+04   0.105E+04   0.262E+04
   2   31  -0.190E-02   0.197E+04   0.265E+04   0.330E+04
   2   32  -0.180E-02  -0.710E+03   0.238E+04   0.248E+04
   2   33  -0.170E-02  -0.829E+03   0.615E+03   0.103E+04
   2   34  -0.160E-02  -0.702E+03  -0.193E+03   0.728E+03
   2   35  -0.150E-02  -0.243E+03  -0.794E+03   0.830E+03
   2   36  -0.140E-02   0.421E+03  -0.792E+03   0.897E+03
   2   37  -0.130E-02   0.828E+03  -0.369E+03   0.906E+03
   2   38  -0.120E-02   0.787E+03   0.221E+03   0.818E+03
   2   39  -0.110E-02   0.395E+03   0.560E+03   0.685E+03
   2   40  -0.100E-02  -0.513E+02   0.544E+03   0.547E+03
   2   41  -0.900E-03  -0.363E+03   0.277E+03   0.456E+03
   2   42  -0.800E-03  -0.393E+03  -0.116E+03   0.410E+03
   2   43  -0.700E-03  -0.162E+03  -0.380E+03   0.413E+03
   2   44  -0.600E-03   0.156E+03  -0.398E+03   0.428E+03
   2   45  -0.500E-03   0.387E+03  -0.178E+03   0.427E+03
   2   46  -0.400E-03   0.392E+03   0.117E+03   0.410E+03
   2   47  -0.300E-03   0.197E+03   0.324E+03   0.380E+03
   2   48  -0.200E-03  -0.712E+02   0.343E+03   0.351E+03
   2   49  -0.100E-03  -0.268E+03   0.185E+03   0.325E+03
   2   50   0.136E-18  -0.273E+03  -0.265E+02   0.274E+03
   2   51   0.100E-03  -0.158E+03  -0.210E+03   0.263E+03
   2   52   0.200E-03   0.636E+02  -0.209E+03   0.218E+03
   2   53   0.300E-03   0.249E+03  -0.910E+02   0.265E+03
   2   54   0.400E-03   0.292E+03   0.105E+03   0.311E+03
   2   55   0.500E-03   0.149E+03   0.253E+03   0.294E+03
   2   56   0.600E-03  -0.512E+02   0.271E+03   0.275E+03
   2   57   0.700E-03  -0.216E+03   0.150E+03   0.263E+03
   2   58   0.800E-03  -0.235E+03  -0.455E+02   0.239E+03
   2   59   0.900E-03  -0.122E+03  -0.162E+03   0.203E+03
   2   60   0.100E-02   0.288E+02  -0.161E+03   0.164E+03
   2   61   0.110E-02   0.124E+03  -0.111E+02   0.124E+03
   2   62   0.120E-02   0.671E+02   0.122E+03   0.139E+03
   2   63   0.130E-02   0.349E+02   0.276E+03   0.278E+03
   2   64   0.140E-02  -0.180E+02   0.347E+03   0.347E+03
   2   65   0.150E-02  -0.116E+03   0.283E+03   0.306E+03
   2   66   0.160E-02  -0.705E+02   0.301E+02   0.767E+02
   2   67   0.170E-02  -0.365E+02  -0.360E+02   0.513E+02
   2   68   0.180E-02   0.888E+02  -0.782E+02   0.118E+03
   2   69   0.190E-02   0.177E+03  -0.590E+02   0.187E+03
   2   70   0.200E-02   0.207E+03   0.110E+03   0.234E+03
   2   71   0.210E-02   0.106E+03   0.166E+03   0.196E+03
   2   72   0.220E-02   0.171E+02   0.199E+03   0.199E+03
   2   73   0.230E-02  -0.832E+02   0.149E+03   0.171E+03
   2   74   0.240E-02  -0.133E+03  -0.349E+02   0.137E+03
   2   75   0.250E-02   0.201E+02  -0.436E+02   0.480E+02
   2   76   0.260E-02  -0.172E+02  -0.638E+02   0.660E+02
   2   77   0.270E-02   0.126E+03  -0.712E+02   0.144E+03
   2   78   0.280E-02   0.172E+03   0.622E+02   0.183E+03
   2   79   0.290E-02   0.831E+02   0.133E+03   0.157E+03
   2   80   0.300E-02  -0.114E+02   0.175E+03   0.175E+03
   2   81   0.310E-02  -0.715E+02   0.109E+03   0.130E+03
   2   82   0.320E-02  -0.139E+03   0.105E+02   0.139E+03
   2   83   0.330E-02  -0.479E+02  -0.720E+02   0.865E+02
   2   84   0.340E-02   0.111E+02  -0.772E+02   0.779E+02
   2   85   0.350E-02   0.939E+02  -0.352E+02   0.100E+03
   2   86   0.360E-02   0.105E+03   0.389E+02   0.112E+03
   2   87   0.370E-02   0.537E+02   0.133E+03   0.144E+03
   2   88   0.380E-02  -0.250E+02   0.133E+03   0.136E+03
   2   89   0.390E-02  -0.101E+03   0.844E+02   0.131E+03
   2   90   0.400E-02  -0.123E+03   0.370E+02   0.128E+03
   2   91   0.410E-02  -0.100E+03  -0.499E+02   0.112E+03
   2   92   0.420E-02  -0.245E+02  -0.741E+02   0.781E+02
   2   93   0.430E-02   0.519E+02  -0.268E+02   0.584E+02
   2   94   0.440E-02   0.604E+02   0.617E+02   0.864E+02
   2   95   0.450E-02   0.662E+01   0.130E+03   0.131E+03
   2   96   0.460E-02  -0.686E+02   0.162E+03   0.176E+03
   2   97   0.470E-02  -0.142E+03   0.128E+03   0.191E+03
   2   98   0.480E-02  -0.146E+03   0.686E+02   0.161E+03
   2   99   0.490E-02  -0.102E+03   0.435E+02   0.111E+03
   3    0  -0.500E-02   0.320E+03  -0.726E+03   0.793E+03
   3    1  -0.490E-02   0.834E+03  -0.330E+03   0.896E+03
   3    2  -0.480E-02   0.919E+03   0.307E+03   0.969E+03
   3    3  -0.470E-02   0.449E+03   0.847E+03   0.959E+03
   3    4  -0.460E-02  -0.282E+03   0.919E+03   0.961E+03
   3    5  -0.450E-02  -0.884E+03   0.474E+03   0.100E+04
   3    6  -0.440E-02  -0.101E+04  -0.297E+03   0.105E+04
   3    7  -0.430E-02  -0.556E+03  -0.941E+03   0.109E+04
   3    8  -0.420E-02   0.276E+03  -0.108E+04   0.112E+04
   3    9  -0.410E-02   0.976E+03  -0.581E+03   0.114E+04
   3   10  -0.400E-02   0.115E+04   0.342E+03   0.120E+04
   3   11  -0.390E-02   0.595E+03   0.118E+04   0.132E+04
   3   12  -0.380E-02  -0.475E+03   0.143E+04   0.151E+04
   3   13  -0.370E-02  -0.146E+04   0.783E+03   0.166E+04
   3   14  -0.360E-02  -0.169E+04  -0.428E+03   0.174E+04
   3   15  -0.350E-02  -0.101E+04  -0.153E+04   0.183E+04
   3   16  -0.340E-02   0.342E+03  -0.182E+04   0.185E+04
   3   17  -0.330E-02   0.159E+04  -0.103E+04   0.189E+04
   3   18  -0.320E-02   0.197E+04   0.605E+03   0.206E+04
   3   19  -0.310E-02   0.114E+04   0.228E+04   0.255E+04
   3   20  -0.300E-02  -0.893E+03   0.277E+04   0.291E+04
   3   21  -0.290E-02  -0.301E+04   0.165E+04   0.344E+04
   3   22  -0.280E-02  -0.401E+04  -0.729E+03   0.407E+04
   3   23  -0.270E-02  -0.276E+04  -0.382E+04   0.471E+04
   3   24  -0.260E-02   0.922E+03  -0.566E+04   0.574E+04
   3   25  -0.250E-02   0.606E+04  -0.401E+04   0.727E+04
   3   26  -0.240E-02   0.929E+04   0.254E+04   0.964E+04
   3   27  -0.230E-02   0.138E+05   0.188E+05   0.233E+05
   3   28  -0.220E-02  -0.715E+05   0.189E+05   0.740E+05
   3   29  -0.210E-02   0.366E+05  -0.389E+05   0.534E+05
   3   30  -0.200E-02   0.135E+05   0.461E+04   0.142E+05
   3   31  -0.190E-02   0.368E+04   0.808E+04   0.888E+04
   3   32  -0.180E-02  -0.713E+03   0.577E+04   0.581E+04
   3   33  -0.170E-02  -0.338E+04   0.259E+04   0.425E+04
   3   34  -0.160E-02  -0.359E+04  -0.858E+03   0.369E+04
   3   35  -0.150E-02  -0.160E+04  -0.313E+04   0.352E+04
   3   36  -0.140E-02   0.104E+04  -0.302E+04   0.319E+04
   3   37  -0.130E-02   0.251E+04  -0.140E+04   0.288E+04
   3   38  -0.120E-02   0.254E+04   0.562E+03   0.260E+04
   3   39  -0.110E-02   0.131E+04   0.187E+04   0.228E+04
   3   40  -0.100E-02  -0.331E+03   0.196E+04   0.199E+04
   3   41  -0.900E-03  -0.144E+04   0.976E+03   0.174E+04
   3   42  -0.800E-03  -0.156E+04  -0.364E+03   0.160E+04
   3   43  -0.700E-03  -0.757E+03  -0.136E+04   0.155E+04
   3   44  -0.600E-03   0.421E+03  -0.145E+04   0.151E+04
   3   45  -0.500E-03   0.126E+04  -0.728E+03   0.145E+04
   3   46  -0.400E-03   0.133E+04   0.316E+03   0.137E+04
   3   47  -0.300E-03   0.696E+03   0.107E+04   0.128E+04
   3   48  -0.200E-03  -0.241E+03   0.117E+04   0.119E+04
   3   49  -0.100E-03  -0.956E+03   0.630E+03   0.115E+04
   3   50   0.136E-18  -0.990E+03  -0.137E+03   0.100E+04
   3   51   0.100E-03  -0.581E+03  -0.811E+03   0.997E+03
   3   52   0.200E-03   0.158E+03  -0.898E+03   0.911E+03
   3   53   0.300E-03   0.768E+03  -0.460E+03   0.895E+03
   3   54   0.400E-03   0.918E+03   0.227E+03   0.946E+03
   3   55   0.500E-03   0.507E+03   0.790E+03   0.939E+03
   3   56   0.600E-03  -0.164E+03   0.894E+03   0.909E+03
   3   57   0.700E-03  -0.706E+03   0.519E+03   0.876E+03
   3   58   0.800E-03  -0.839E+03  -0.903E+02   0.844E+03
   3   59   0.900E-03  -0.516E+03  -0.606E+03   0.796E+03
   3   60   0.100E-02   0.474E+02  -0.690E+03   0.691E+03
   3   61   0.110E-02   0.501E+03  -0.318E+03   0.594E+03
   3   62   0.120E-02   0.532E+03   0.268E+03   0.596E+03
   3   63   0.130E-02   0.282E+03   0.731E+03   0.783E+03
   3   64   0.140E-02  -0.317E+03   0.931E+03   0.983E+03
   3   65   0.150E-02  -0.612E+03   0.614E+03   0.867E+03
   3   66   0.160E-02  -0.595E+03   0.160E+03   0.616E+03
   3   67   0.170E-02  -0.269E+03  -0.220E+03   0.348E+03
   3   68   0.180E-02   0.117E+03  -0.339E+03   0.358E+03
   3   69   0.190E-02   0.558E+03  -0.132E+03   0.573E+03
   3   70   0.200E-02   0.643E+03   0.321E+03   0.719E+03
   3   71   0.210E-02   0.424E+03   0.547E+03   0.693E+03
   3   72   0.220E-02  -0.491E+02   0.786E+03   0.788E+03
   3   73   0.230E-02  -0.316E+03   0.411E+03   0.519E+03
   3   74   0.240E-02  -0.465E+03   0.131E+02   0.466E+03
   3   75   0.250E-02  -0.135E+03  -0.264E+03   0.296E+03
   3   76   0.260E-02   0.506E+02  -0.329E+03   0.333E+03
   3   77   0.270E-02   0.439E+03  -0.224E+03   0.493E+03
   3   78   0.280E-02   0.603E+03   0.221E+03   0.642E+03
   3   79   0.290E-02   0.325E+03   0.494E+03   0.592E+03
   3   80   0.300E-02  -0.279E+02   0.557E+03   0.558E+03
   3   81   0.310E-02  -0.350E+03   0.348E+03   0.494E+03
   3   82   0.320E-02  -0.381E+03   0.278E+02   0.382E+03
   3   83   0.330E-02  -0.154E+03  -0.240E+03   0.285E+03
   3   84   0.340E-02   0.752E+02  -0.301E+03   0.310E+03
   3   85   0.350E-02   0.393E+03  -0.196E+03   0.439E+03
   3   86   0.360E-02   0.459E+03   0.165E+03   0.488E+03
   3   87   0.370E-02   0.233E+03   0.407E+03   0.469E+03
   3   88   0.380E-02  -0.224E+02   0.448E+03   0.448E+03
   3   89   0.390E-02  -0.297E+03   0.296E+03   0.419E+03
   3   90   0.400E-02  -0.341E+03   0.276E+02   0.342E+03
   3   91   0.410E-02  -0.233E+03  -0.228E+03   0.326E+03
   3   92   0.420E-02   0.549E+02  -0.286E+03   0.291E+03
   3   93   0.430E-02   0.280E+03  -0.136E+03   0.311E+03
   3   94   0.440E-02   0.312E+03   0.133E+03   0.339E+03
   3   95   0.450E-02   0.182E+03   0.356E+03   0.400E+03
   3   96   0.460E-02  -0.922E+02   0.447E+03   0.456E+03
   3   97   0.470E-02  -0.315E+03   0.328E+03   0.454E+03
   3   98   0.480E-02  -0.331E+03   0.976E+02   0.345E+03
   3   99   0.490E-02  -0.201E+03  -0.870E+02   0.219E+03
   4    0  -0.500E-02  -0.122E+03  -0.809E+02   0.147E+03
   4    1  -0.490E-02  -0.162E+03  -0.118E+03   0.201E+03
   4    2  -0.480E-02  -0.114E+03  -0.119E+03   0.165E+03
   4    3  -0.470E-02  -0.310E+02  -0.922E+02   0.973E+02
   4    4  -0.460E-02   0.291E+02  -0.184E+02   0.344E+02
   4    5  -0.450E-02   0.139E+02   0.666E+02   0.681E+02
   4    6  -0.440E-02  -0.594E+02   0.128E+03   0.141E+03
   4    7  -0.430E-02  -0.157E+03   0.110E+03   0.192E+03
   4    8  -0.420E-02  -0.220E+03   0.567E+02   0.227E+03
   4    9  -0.410E-02  -0.269E+03  -0.135E+02   0.269E+03
   4   10  -0.400E-02  -0.207E+03  -0.993E+02   0.229E+03
   4   11  -0.390E-02  -0.136E+03  -0.249E+02   0.138E+03
   4   12  -0.380E-02  -0.305E+02   0.156E+03   0.159E+03
   4   13  -0.370E-02   0.116E+03   0.247E+03   0.273E+03
   4   14  -0.360E-02   0.909E+01   0.275E+03   0.275E+03
   4   15  -0.350E-02  -0.196E+03   0.252E+03   0.319E+03
   4   16  -0.340E-02  -0.400E+03   0.202E+03   0.448E+03
   4   17  -0.330E-02  -0.596E+03   0.586E+02   0.599E+03
   4   18  -0.320E-02  -0.653E+03   0.104E+03   0.662E+03
   4   19  -0.310E-02   0.553E+03   0.512E+03   0.754E+03
   4   20  -0.300E-02   0.483E+03   0.163E+03   0.510E+03
   4   21  -0.290E-02   0.245E+03   0.378E+03   0.450E+03
   4   22  -0.280E-02  -0.898E+02   0.813E+03   0.818E+03
   4   23  -0.270E-02   0.211E+03   0.898E+03   0.922E+03
   4   24  -0.260E-02  -0.331E+03   0.488E+03   0.590E+03
   4   25  -0.250E-02  -0.675E+03  -0.222E+03   0.711E+03
   4   26  -0.240E-02  -0.224E+02  -0.867E+03   0.867E+03
   4   27  -0.230E-02   0.997E+03  -0.238E+04   0.258E+04
   4   28  -0.220E-02   0.599E+04   0.620E+04   0.862E+04
   4   29  -0.210E-02  -0.526E+04  -0.129E+04   0.542E+04
   4   30  -0.200E-02  -0.310E+03  -0.150E+04   0.153E+04
   4   31  -0.190E-02   0.657E+03  -0.696E+03   0.958E+03
   4   32  -0.180E-02   0.727E+03  -0.301E+03   0.787E+03
   4   33  -0.170E-02   0.624E+03   0.185E+03   0.651E+03
   4   34  -0.160E-02   0.229E+03   0.439E+03   0.495E+03
   4   35  -0.150E-02  -0.146E+03   0.346E+03   0.375E+03
   4   36  -0.140E-02  -0.268E+03   0.891E+02   0.283E+03
   4   37  -0.130E-02  -0.218E+03  -0.158E+03   0.269E+03
   4   38  -0.120E-02  -0.156E+02  -0.261E+03   0.262E+03
   4   39  -0.110E-02   0.149E+03  -0.213E+03   0.260E+03
   4   40  -0.100E-02   0.250E+03  -0.674E+02   0.259E+03
   4   41  -0.900E-03   0.215E+03   0.911E+02   0.233E+03
   4   42  -0.800E-03   0.886E+02   0.181E+03   0.201E+03
   4   43  -0.700E-03  -0.573E+02   0.158E+03   0.169E+03
   4   44  -0.600E-03  -0.133E+03   0.442E+02   0.140E+03
   4   45  -0.500E-03  -0.115E+03  -0.618E+02   0.131E+03
   4   46  -0.400E-03  -0.335E+02  -0.128E+03   0.132E+03
   4   47  -0.300E-03   0.712E+02  -0.116E+03   0.136E+03
   4   48  -0.200E-03   0.119E+03  -0.319E+02   0.124E+03
   4   49  -0.100E-03   0.100E+03   0.634E+02   0.119E+03
   4   50   0.136E-18   0.561E+02   0.125E+03   0.137E+03
   4   51   0.100E-03  -0.439E+02   0.105E+03   0.114E+03
   4   52   0.200E-03  -0.995E+02   0.517E+02   0.112E+03
   4   53   0.300E-03  -0.997E+02  -0.205E+02   0.102E+03
   4   54   0.400E-03  -0.368E+02  -0.777E+02   0.859E+02
   4   55   0.500E-03   0.245E+02  -0.724E+02   0.764E+02
   4   56   0.600E-03   0.729E+02  -0.243E+02   0.768E+02
   4   57   0.700E-03   0.687E+02   0.407E+02   0.799E+02
   4   58   0.800E-03   0.122E+02   0.888E+02   0.896E+02
   4   59   0.900E-03  -0.516E+02   0.774E+02   0.930E+02
   4   60   0.100E-02  -0.102E+03   0.457E+02   0.111E+03
   4   61   0.110E-02  -0.104E+03  -0.167E+02   0.105E+03
   4   62   0.120E-02  -0.706E+02  -0.445E+02   0.834E+02
   4   63   0.130E-02  -0.249E+02  -0.427E+02   0.494E+02
   4   64   0.140E-02   0.213E+02  -0.104E+02   0.237E+02
   4   65   0.150E-02   0.164E+02   0.372E+02   0.407E+02
   4   66   0.160E-02  -0.151E+02   0.665E+02   0.682E+02
   4   67   0.170E-02  -0.662E+02   0.872E+02   0.109E+03
   4   68   0.180E-02  -0.110E+03   0.564E+02   0.124E+03
   4   69   0.190E-02  -0.138E+03   0.340E+01   0.138E+03
   4   70   0.200E-02  -0.118E+03  -0.249E+02   0.121E+03
   4   71   0.210E-02  -0.902E+02  -0.409E+02   0.991E+02
   4   72   0.220E-02  -0.541E+02  -0.315E+02   0.626E+02
   4   73   0.230E-02  -0.278E+02   0.832E+02   0.877E+02
   4   74   0.240E-02  -0.122E+03   0.106E+03   0.162E+03
   4   75   0.250E-02  -0.164E+03   0.165E+03   0.233E+03
   4   76   0.260E-02  -0.196E+03   0.728E+02   0.209E+03
   4   77   0.270E-02  -0.266E+03   0.225E+03   0.349E+03
   4   78   0.280E-02  -0.178E+03   0.154E+03   0.236E+03
   4   79   0.290E-02   0.517E+02   0.972E+02   0.110E+03
   4   80   0.300E-02  -0.274E+02   0.156E+03   0.159E+03
   4   81   0.310E-02  -0.105E+03   0.239E+03   0.261E+03
   4   82   0.320E-02  -0.330E+02   0.368E+03   0.370E+03
   4   83   0.330E-02   0.178E+03   0.361E+03   0.402E+03
   4   84   0.340E-02   0.225E+01   0.177E+03   0.177E+03
   4   85   0.350E-02   0.730E+02   0.461E+02   0.863E+02
   4   86   0.360E-02   0.662E+02   0.769E+02   0.101E+03
   4   87   0.370E-02   0.461E+02   0.709E+02   0.846E+02
   4   88   0.380E-02   0.787E+02   0.122E+03   0.145E+03
   4   89   0.390E-02   0.129E+03   0.133E+03   0.185E+03
   4   90   0.400E-02   0.128E+03   0.130E+03   0.183E+03
   4   91   0.410E-02   0.755E+02   0.112E+03   0.135E+03
   4   92   0.420E-02   0.309E+02   0.578E+02   0.656E+02
   4   93   0.430E-02   0.492E+02   0.179E+02   0.523E+02
   4   94   0.440E-02   0.350E+02   0.905E+00   0.350E+02
   4   95   0.450E-02   0.731E+02  -0.305E+02   0.792E+02
   4   96   0.460E-02   0.956E+02  -0.173E+02   0.972E+02
   4   97   0.470E-02   0.712E+02  -0.222E+02   0.746E+02
   4   98   0.480E-02   0.310E+02  -0.362E+01   0.312E+02
   4   99   0.490E-02  -0.548E+02   0.675E+01   0.553E+02
   5    0  -0.500E-02   0.634E+02  -0.942E+02   0.113E+03
   5    1  -0.490E-02   0.384E+02  -0.828E+02   0.912E+02
   5    2  -0.480E-02  -0.769E+00  -0.138E+02   0.139E+02
   5    3  -0.470E-02  -0.252E+02   0.339E+02   0.422E+02
   5    4  -0.460E-02  -0.575E+02   0.449E+02   0.729E+02
   5    5  -0.450E-02  -0.845E+02   0.236E+02   0.878E+02
   5    6  -0.440E-02  -0.893E+02  -0.776E+01   0.897E+02
   5    7  -0.430E-02  -0.688E+02  -0.326E+02   0.762E+02
   5    8  -0.420E-02  -0.386E+02  -0.184E+02   0.428E+02
   5    9  -0.410E-02  -0.465E+02   0.340E+02   0.576E+02
   5   10  -0.400E-02  -0.703E+02   0.947E+02   0.118E+03
   5   11  -0.390E-02  -0.134E+03   0.236E+03   0.272E+03
   5   12  -0.380E-02  -0.111E+03   0.439E+03   0.453E+03
   5   13  -0.370E-02   0.966E+02   0.283E+03   0.299E+03
   5   14  -0.360E-02   0.142E+03   0.872E+02   0.167E+03
   5   15  -0.350E-02   0.102E+03   0.142E+02   0.103E+03
   5   16  -0.340E-02   0.156E+03  -0.162E+02   0.157E+03
   5   17  -0.330E-02   0.146E+03   0.936E+02   0.174E+03
   5   18  -0.320E-02   0.480E+02   0.251E+03   0.255E+03
   5   19  -0.310E-02   0.445E+03   0.312E+03   0.543E+03
   5   20  -0.300E-02   0.296E+03   0.127E+03   0.323E+03
   5   21  -0.290E-02   0.199E+03   0.949E+02   0.220E+03
   5   22  -0.280E-02   0.206E+03  -0.306E+03   0.369E+03
   5   23  -0.270E-02  -0.167E+03  -0.594E+03   0.617E+03
   5   24  -0.260E-02   0.122E+03  -0.436E+03   0.452E+03
   5   25  -0.250E-02   0.401E+03  -0.215E+03   0.455E+03
   5   26  -0.240E-02   0.410E+03   0.317E+02   0.411E+03
   5   27  -0.230E-02   0.463E+03   0.124E+04   0.132E+04
   5   28  -0.220E-02  -0.353E+04  -0.497E+03   0.357E+04
   5   29  -0.210E-02   0.188E+04  -0.115E+04   0.221E+04
   5   30  -0.200E-02   0.546E+03   0.312E+03   0.629E+03
   5   31  -0.190E-02   0.126E+03   0.380E+03   0.400E+03
   5   32  -0.180E-02  -0.110E+03   0.256E+03   0.278E+03
   5   33  -0.170E-02  -0.202E+03   0.851E+02   0.219E+03
   5   34  -0.160E-02  -0.162E+03  -0.813E+02   0.181E+03
   5   35  -0.150E-02  -0.463E+02  -0.149E+03   0.156E+03
   5   36  -0.140E-02   0.700E+02  -0.132E+03   0.149E+03
   5   37  -0.130E-02   0.126E+03  -0.437E+02   0.133E+03
   5   38  -0.120E-02   0.113E+03   0.451E+02   0.122E+03
   5   39  -0.110E-02   0.473E+02   0.982E+02   0.109E+03
   5   40  -0.100E-02  -0.295E+02   0.884E+02   0.932E+02
   5   41  -0.900E-03  -0.761E+02   0.310E+02   0.822E+02
   5   42  -0.800E-03  -0.664E+02  -0.323E+02   0.738E+02
   5   43  -0.700E-03  -0.224E+02  -0.674E+02   0.710E+02
   5   44  -0.600E-03   0.315E+02  -0.670E+02   0.741E+02
   5   45  -0.500E-03   0.681E+02  -0.213E+02   0.714E+02
   5   46  -0.400E-03   0.586E+02   0.275E+02   0.647E+02
   5   47  -0.300E-03   0.253E+02   0.546E+02   0.602E+02
   5   48  -0.200E-03  -0.211E+02   0.543E+02   0.583E+02
   5   49  -0.100E-03  -0.492E+02   0.213E+02   0.536E+02
   5   50   0.136E-18  -0.451E+02  -0.162E+02   0.480E+02
   5   51   0.100E-03  -0.200E+02  -0.432E+02   0.477E+02
   5   52   0.200E-03   0.191E+02  -0.398E+02   0.441E+02
   5   53   0.300E-03   0.384E+02  -0.124E+02   0.404E+02
   5   54   0.400E-03   0.407E+02   0.191E+02   0.450E+02
   5   55   0.500E-03   0.130E+02   0.427E+02   0.446E+02
   5   56   0.600E-03  -0.173E+02   0.395E+02   0.431E+02
   5   57   0.700E-03  -0.365E+02   0.155E+02   0.397E+02
   5   58   0.800E-03  -0.357E+02  -0.913E+01   0.369E+02
   5   59   0.900E-03  -0.190E+02  -0.295E+02   0.351E+02
   5   60   0.100E-02   0.969E+01  -0.310E+02   0.324E+02
   5   61   0.110E-02   0.268E+02  -0.975E+01   0.285E+02
   5   62   0.120E-02   0.220E+02   0.117E+02   0.249E+02
   5   63   0.130E-02   0.770E+01   0.312E+02   0.322E+02
   5   64   0.140E-02  -0.174E+02   0.365E+02   0.405E+02
   5   65   0.150E-02  -0.342E+02   0.141E+02   0.370E+02
   5   66   0.160E-02  -0.250E+02  -0.413E+01   0.253E+02
   5   67   0.170E-02  -0.171E+02  -0.202E+02   0.265E+02
   5   68   0.180E-02   0.517E+01  -0.251E+02   0.256E+02
   5   69   0.190E-02   0.205E+02  -0.137E+02   0.247E+02
   5   70   0.200E-02   0.255E+02   0.104E+02   0.275E+02
   5   71   0.210E-02   0.176E+02   0.150E+02   0.231E+02
   5   72   0.220E-02   0.615E+01   0.223E+02   0.231E+02
   5   73   0.230E-02  -0.157E+02   0.529E+01   0.165E+02
   5   74   0.240E-02  -0.352E+01  -0.421E+02   0.423E+02
   5   75   0.250E-02  -0.167E+02  -0.697E+02   0.717E+02
   5   76   0.260E-02   0.246E+02  -0.657E+02   0.701E+02
   5   77   0.270E-02   0.128E+02  -0.133E+03   0.133E+03
   5   78   0.280E-02  -0.636E+01  -0.146E+03   0.146E+03
   5   79   0.290E-02  -0.145E+03  -0.297E+02   0.148E+03
   5   80   0.300E-02  -0.215E+03  -0.450E+02   0.220E+03
   5   81   0.310E-02  -0.205E+03   0.290E+02   0.207E+03
   5   82   0.320E-02  -0.149E+03   0.901E+02   0.174E+03
   5   83   0.330E-02  -0.698E+02   0.867E+02   0.111E+03
   5   84   0.340E-02  -0.529E+02   0.508E+01   0.531E+02
   5   85   0.350E-02  -0.433E+02   0.390E+02   0.583E+02
   5   86   0.360E-02  -0.862E+02   0.705E+02   0.111E+03
   5   87   0.370E-02  -0.114E+03   0.911E+02   0.146E+03
   5   88   0.380E-02  -0.970E+02   0.171E+03   0.196E+03
   5   89   0.390E-02  -0.138E+01   0.149E+03   0.149E+03
   5   90   0.400E-02   0.310E+02   0.970E+02   0.102E+03
   5   91   0.410E-02   0.299E+02   0.454E+02   0.544E+02
   5   92   0.420E-02   0.325E+02   0.235E+02   0.401E+02
   5   93   0.430E-02   0.422E+02   0.175E+02   0.457E+02
   5   94   0.440E-02   0.279E+02   0.244E+02   0.370E+02
   5   95   0.450E-02   0.218E+02   0.176E+02   0.280E+02
   5   96   0.460E-02   0.635E+01   0.613E+01   0.883E+01
   5   97   0.470E-02  -0.209E+02  -0.228E+02   0.309E+02
   5   98   0.480E-02  -0.427E+02  -0.386E+02   0.576E+02
   5   99   0.490E-02  -0.611E+02  -0.298E+02   0.680E+02
   6    0  -0.500E-02   0.472E+02   0.230E+01   0.472E+02
   6    1  -0.490E-02   0.261E+02  -0.271E+01   0.263E+02
   6    2  -0.480E-02  -0.182E+02   0.117E+01   0.182E+02
   6    3  -0.470E-02  -0.358E+02   0.138E+01   0.358E+02
   6    4  -0.460E-02  -0.386E+02  -0.526E+01   0.389E+02
   6    5  -0.450E-02  -0.301E+02  -0.140E+02   0.332E+02
   6    6  -0.440E-02  -0.117E+02  -0.102E+02   0.155E+02
   6    7  -0.430E-02  -0.308E+01   0.117E+02   0.121E+02
   6    8  -0.420E-02  -0.995E+01   0.428E+02   0.440E+02
   6    9  -0.410E-02  -0.458E+02   0.853E+02   0.968E+02
   6   10  -0.400E-02  -0.946E+02   0.115E+03   0.149E+03
   6   11  -0.390E-02  -0.127E+03   0.207E+03   0.243E+03
   6   12  -0.380E-02  -0.726E+01   0.377E+03   0.377E+03
   6   13  -0.370E-02   0.261E+03   0.201E+03   0.329E+03
   6   14  -0.360E-02   0.348E+03   0.272E+02   0.349E+03
   6   15  -0.350E-02   0.299E+03   0.204E+02   0.300E+03
   6   16  -0.340E-02   0.363E+03  -0.679E+02   0.369E+03
   6   17  -0.330E-02   0.491E+03  -0.485E+02   0.493E+03
   6   18  -0.320E-02   0.578E+03  -0.276E+03   0.640E+03
   6   19  -0.310E-02  -0.564E+03  -0.753E+03   0.941E+03
   6   20  -0.300E-02  -0.445E+03  -0.246E+03   0.508E+03
   6   21  -0.290E-02  -0.247E+03  -0.252E+03   0.353E+03
   6   22  -0.280E-02  -0.167E+03  -0.446E+02   0.173E+03
   6   23  -0.270E-02   0.812E+02   0.190E+03   0.207E+03
   6   24  -0.260E-02   0.452E+02   0.229E+03   0.233E+03
   6   25  -0.250E-02  -0.503E+02   0.331E+03   0.335E+03
   6   26  -0.240E-02  -0.116E+03   0.461E+03   0.475E+03
   6   27  -0.230E-02  -0.855E+03  -0.799E+02   0.859E+03
   6   28  -0.220E-02   0.904E+03  -0.148E+04   0.173E+04
   6   29  -0.210E-02   0.549E+03   0.883E+03   0.104E+04
   6   30  -0.200E-02  -0.227E+03   0.334E+03   0.404E+03
   6   31  -0.190E-02  -0.243E+03   0.483E+02   0.248E+03
   6   32  -0.180E-02  -0.150E+03  -0.104E+03   0.182E+03
   6   33  -0.170E-02  -0.244E+02  -0.143E+03   0.145E+03
   6   34  -0.160E-02   0.701E+02  -0.103E+03   0.124E+03
   6   35  -0.150E-02   0.105E+03  -0.216E+02   0.107E+03
   6   36  -0.140E-02   0.812E+02   0.468E+02   0.937E+02
   6   37  -0.130E-02   0.212E+02   0.786E+02   0.814E+02
   6   38  -0.120E-02  -0.350E+02   0.615E+02   0.708E+02
   6   39  -0.110E-02  -0.609E+02   0.142E+02   0.626E+02
   6   40  -0.100E-02  -0.470E+02  -0.303E+02   0.559E+02
   6   41  -0.900E-03  -0.106E+02  -0.529E+02   0.540E+02
   6   42  -0.800E-03   0.279E+02  -0.425E+02   0.508E+02
   6   43  -0.700E-03   0.469E+02  -0.108E+02   0.481E+02
   6   44  -0.600E-03   0.390E+02   0.211E+02   0.444E+02
   6   45  -0.500E-03   0.127E+02   0.411E+02   0.431E+02
   6   46  -0.400E-03  -0.186E+02   0.345E+02   0.392E+02
   6   47  -0.300E-03  -0.338E+02   0.102E+02   0.354E+02
   6   48  -0.200E-03  -0.300E+02  -0.158E+02   0.339E+02
   6   49  -0.100E-03  -0.958E+01  -0.314E+02   0.329E+02
   6   50   0.136E-18   0.148E+02  -0.266E+02   0.305E+02
   6   51   0.100E-03   0.282E+02  -0.904E+01   0.296E+02
   6   52   0.200E-03   0.273E+02   0.144E+02   0.309E+02
   6   53   0.300E-03   0.765E+01   0.294E+02   0.304E+02
   6   54   0.400E-03  -0.126E+02   0.261E+02   0.290E+02
   6   55   0.500E-03  -0.270E+02   0.986E+01   0.288E+02
   6   56   0.600E-03  -0.235E+02  -0.112E+02   0.260E+02
   6   57   0.700E-03  -0.696E+01  -0.229E+02   0.239E+02
   6   58   0.800E-03   0.102E+02  -0.185E+02   0.212E+02
   6   59   0.900E-03   0.205E+02  -0.627E+01   0.214E+02
   6   60   0.100E-02   0.189E+02   0.117E+02   0.223E+02
   6   61   0.110E-02   0.457E+01   0.217E+02   0.222E+02
   6   62   0.120E-02  -0.121E+02   0.195E+02   0.230E+02
   6   63   0.130E-02  -0.211E+02   0.726E+01   0.223E+02
   6   64   0.140E-02  -0.191E+02  -0.520E+01   0.198E+02
   6   65   0.150E-02  -0.780E+01  -0.161E+02   0.179E+02
   6   66   0.160E-02   0.647E+01  -0.129E+02   0.145E+02
   6   67   0.170E-02   0.151E+02  -0.549E+01   0.161E+02
   6   68   0.180E-02   0.156E+02   0.763E+01   0.173E+02
   6   69   0.190E-02   0.649E+01   0.165E+02   0.177E+02
   6   70   0.200E-02  -0.758E+01   0.158E+02   0.175E+02
   6   71   0.210E-02  -0.189E+02   0.787E+01   0.205E+02
   6   72   0.220E-02  -0.311E+02  -0.135E+02   0.339E+02
   6   73   0.230E-02  -0.241E+02  -0.119E+02   0.269E+02
   6   74   0.240E-02  -0.202E+02   0.109E+02   0.230E+02
   6   75   0.250E-02   0.328E+02   0.401E+02   0.518E+02
   6   76   0.260E-02   0.296E+02   0.541E+02   0.616E+02
   6   77   0.270E-02   0.599E+02   0.432E+02   0.738E+02
   6   78   0.280E-02   0.452E+02   0.573E+02   0.730E+02
   6   79   0.290E-02   0.717E+02  -0.111E+02   0.726E+02
   6   80   0.300E-02   0.157E+03  -0.431E+02   0.163E+03
   6   81   0.310E-02   0.170E+03  -0.142E+03   0.221E+03
   6   82   0.320E-02   0.337E+02  -0.298E+03   0.300E+03
   6   83   0.330E-02  -0.207E+03  -0.244E+03   0.320E+03
   6   84   0.340E-02  -0.103E+03  -0.124E+03   0.161E+03
   6   85   0.350E-02  -0.165E+03  -0.878E+01   0.165E+03
   6   86   0.360E-02  -0.203E+03   0.501E+01   0.204E+03
   6   87   0.370E-02  -0.201E+03   0.219E+02   0.202E+03
   6   88   0.380E-02  -0.172E+03   0.122E+03   0.210E+03
   6   89   0.390E-02  -0.383E+02   0.126E+03   0.132E+03
   6   90   0.400E-02   0.154E+02   0.944E+02   0.956E+02
   6   91   0.410E-02   0.190E+02   0.555E+02   0.587E+02
   6   92   0.420E-02   0.152E+02   0.421E+02   0.448E+02
   6   93   0.430E-02   0.104E+02   0.326E+02   0.342E+02
   6   94   0.440E-02  -0.679E+01   0.233E+02   0.243E+02
   6   95   0.450E-02  -0.863E+01   0.787E+01   0.117E+02
   6   96   0.460E-02  -0.125E+02  -0.546E+01   0.137E+02
   6   97   0.470E-02  -0.182E+02  -0.148E+02   0.235E+02
   6   98   0.480E-02  -0.189E+02  -0.120E+02   0.224E+02
   6   99   0.490E-02  -0.200E+02  -0.452E+01   0.205E+02
   7    0  -0.500E-02  -0.111E+02  -0.258E+02   0.281E+02
   7    1  -0.490E-02   0.105E+02  -0.341E+02   0.357E+02
   7    2  -0.480E-02   0.261E+02  -0.234E+02   0.351E+02
   7    3  -0.470E-02   0.304E+02   0.515E+01   0.308E+02
   7    4  -0.460E-02   0.162E+02   0.313E+02   0.352E+02
   7    5  -0.450E-02  -0.123E+02   0.406E+02   0.424E+02
   7    6  -0.440E-02  -0.360E+02   0.288E+02   0.461E+02
   7    7  -0.430E-02  -0.481E+02   0.522E+01   0.484E+02
   7    8  -0.420E-02  -0.354E+02  -0.182E+02   0.398E+02
   7    9  -0.410E-02  -0.110E+02  -0.164E+02   0.197E+02
   7   10  -0.400E-02   0.122E+02   0.118E+02   0.170E+02
   7   11  -0.390E-02   0.283E+02   0.931E+02   0.973E+02
   7   12  -0.380E-02   0.797E+02   0.203E+03   0.218E+03
   7   13  -0.370E-02   0.134E+03   0.133E+03   0.189E+03
   7   14  -0.360E-02   0.108E+03   0.341E+02   0.113E+03
   7   15  -0.350E-02   0.591E+02  -0.226E+02   0.633E+02
   7   16  -0.340E-02   0.109E+03  -0.145E+03   0.182E+03
   7   17  -0.330E-02   0.263E+03  -0.207E+03   0.335E+03
   7   18  -0.320E-02   0.399E+03  -0.367E+03   0.543E+03
   7   19  -0.310E-02  -0.437E+03  -0.438E+03   0.619E+03
   7   20  -0.300E-02  -0.325E+03   0.406E+02   0.327E+03
   7   21  -0.290E-02  -0.354E+03   0.939E+02   0.366E+03
   7   22  -0.280E-02  -0.405E+03   0.428E+03   0.589E+03
   7   23  -0.270E-02   0.211E+03   0.414E+03   0.464E+03
   7   24  -0.260E-02   0.194E+03   0.206E+02   0.195E+03
   7   25  -0.250E-02   0.149E+03  -0.304E+03   0.338E+03
   7   26  -0.240E-02   0.140E+03  -0.556E+03   0.573E+03
   7   27  -0.230E-02   0.828E+03   0.141E+03   0.840E+03
   7   28  -0.220E-02  -0.103E+04   0.128E+04   0.165E+04
   7   29  -0.210E-02  -0.342E+03  -0.842E+03   0.909E+03
   7   30  -0.200E-02   0.242E+03  -0.297E+03   0.383E+03
   7   31  -0.190E-02   0.248E+03  -0.186E+02   0.248E+03
   7   32  -0.180E-02   0.137E+03   0.121E+03   0.183E+03
   7   33  -0.170E-02   0.902E+01   0.145E+03   0.146E+03
   7   34  -0.160E-02  -0.803E+02   0.884E+02   0.119E+03
   7   35  -0.150E-02  -0.102E+03   0.402E+01   0.102E+03
   7   36  -0.140E-02  -0.641E+02  -0.625E+02   0.895E+02
   7   37  -0.130E-02  -0.186E+01  -0.796E+02   0.796E+02
   7   38  -0.120E-02   0.499E+02  -0.528E+02   0.726E+02
   7   39  -0.110E-02   0.665E+02  -0.221E+01   0.665E+02
   7   40  -0.100E-02   0.452E+02   0.413E+02   0.612E+02
   7   41  -0.900E-03   0.238E+01   0.559E+02   0.559E+02
   7   42  -0.800E-03  -0.351E+02   0.380E+02   0.517E+02
   7   43  -0.700E-03  -0.481E+02   0.171E+01   0.481E+02
   7   44  -0.600E-03  -0.328E+02  -0.317E+02   0.456E+02
   7   45  -0.500E-03  -0.483E+00  -0.424E+02   0.424E+02
   7   46  -0.400E-03   0.280E+02  -0.289E+02   0.402E+02
   7   47  -0.300E-03   0.384E+02  -0.706E+00   0.384E+02
   7   48  -0.200E-03   0.261E+02   0.251E+02   0.363E+02
   7   49  -0.100E-03   0.935E+00   0.340E+02   0.340E+02
   7   50   0.136E-18  -0.221E+02   0.240E+02   0.326E+02
   7   51   0.100E-03  -0.310E+02   0.138E+01   0.310E+02
   7   52   0.200E-03  -0.217E+02  -0.194E+02   0.291E+02
   7   53   0.300E-03  -0.235E+01  -0.279E+02   0.280E+02
   7   54   0.400E-03   0.184E+02  -0.205E+02   0.275E+02
   7   55   0.500E-03   0.265E+02  -0.992E+00   0.265E+02
   7   56   0.600E-03   0.190E+02   0.177E+02   0.260E+02
   7   57   0.700E-03   0.127E+01   0.253E+02   0.253E+02
   7   58   0.800E-03  -0.165E+02   0.184E+02   0.247E+02
   7   59   0.900E-03  -0.234E+02   0.118E+01   0.234E+02
   7   60   0.100E-02  -0.166E+02  -0.146E+02   0.221E+02
   7   61   0.110E-02  -0.142E+01  -0.207E+02   0.208E+02
   7   62   0.120E-02   0.131E+02  -0.150E+02   0.199E+02
   7   63   0.130E-02   0.191E+02  -0.329E+00   0.191E+02
   7   64   0.140E-02   0.129E+02   0.134E+02   0.186E+02
   7   65   0.150E-02   0.864E+00   0.180E+02   0.180E+02
   7   66   0.160E-02  -0.109E+02   0.139E+02   0.176E+02
   7   67   0.170E-02  -0.168E+02   0.283E+01   0.171E+02
   7   68   0.180E-02  -0.129E+02  -0.881E+01   0.156E+02
   7   69   0.190E-02  -0.251E+01  -0.143E+02   0.145E+02
   7   70   0.200E-02   0.460E+01  -0.115E+02   0.124E+02
   7   71   0.210E-02   0.151E+02  -0.682E+01   0.166E+02
   7   72   0.220E-02   0.243E+02   0.164E+02   0.293E+02
   7   73   0.230E-02   0.160E+02   0.124E+02   0.202E+02
   7   74   0.240E-02   0.887E+01  -0.269E+02   0.284E+02
   7   75   0.250E-02  -0.631E+02  -0.430E+02   0.763E+02
   7   76   0.260E-02  -0.903E+02  -0.536E+02   0.105E+03
   7   77   0.270E-02  -0.124E+03   0.130E+03   0.179E+03
   7   78   0.280E-02  -0.167E+02   0.170E+03   0.171E+03
   7   79   0.290E-02   0.164E+03   0.655E+02   0.177E+03
   7   80   0.300E-02   0.229E+03   0.611E+02   0.237E+03
   7   81   0.310E-02   0.202E+03  -0.474E+02   0.208E+03
   7   82   0.320E-02   0.697E+02  -0.203E+03   0.215E+03
   7   83   0.330E-02  -0.126E+03  -0.197E+03   0.233E+03
   7   84   0.340E-02  -0.621E+02  -0.104E+03   0.121E+03
   7   85   0.350E-02  -0.903E+02  -0.459E+02   0.101E+03
   7   86   0.360E-02  -0.896E+02  -0.342E+02   0.959E+02
   7   87   0.370E-02  -0.786E+02  -0.921E+01   0.791E+02
   7   88   0.380E-02  -0.751E+02   0.539E+02   0.924E+02
   7   89   0.390E-02  -0.266E+02   0.706E+02   0.755E+02
   7   90   0.400E-02  -0.136E+02   0.552E+02   0.569E+02
   7   91   0.410E-02  -0.147E+02   0.260E+02   0.298E+02
   7   92   0.420E-02  -0.108E+02   0.761E+01   0.132E+02
   7   93   0.430E-02  -0.128E+01  -0.252E+01   0.282E+01
   7   94   0.440E-02   0.496E+01  -0.366E+01   0.617E+01
   7   95   0.450E-02   0.107E+02   0.213E+01   0.109E+02
   7   96   0.460E-02   0.553E+01   0.936E+01   0.109E+02
   7   97   0.470E-02  -0.587E+01   0.127E+02   0.139E+02
   7   98   0.480E-02  -0.153E+02   0.879E+01   0.177E+02
   7   99   0.490E-02  -0.202E+02  -0.354E+00   0.202E+02
