PLASMA GEOMETRY
Toroidal magnetic field at Axis [Tesla] 
	2.01254
Geometric Center Major radius [m]
	1.64560
Minor radius [m]
	0.629590
Avg. Elongation
	1.65753
Avg. Top/Bottom Triangularity
	0.0771457
Main Contaminant Species
	12C
TRYING TO GET TO BETA(0)=0.0205895 , Rmax=1.73855
	
Rho(norml. sqrt. toroid. flux), q, Beam Ion Density(10^13 cm^-3), Ion Density(10^13 cm^-3), Elec Density(10^13 cm^-3), Impurity Density(10^13 cm^-3), Beam Ion Effective Temp(keV), Ion Temp(keV), Electron Temp(keV), Beam Pressure(kPa), Thermal Pressure(kPa), Equil.Pressure(kPa), Zeff, Tor Rot(kHz), Tor Rot(10^5 m/s) 
0.00000 3.57849 0.361772 2.46328 3.14151 0.0527419 23.3996 1.77217 2.22252 13.5445 18.3054 31.8659 1.50421 3.87254 0.423023
0.0100000 3.57809 0.362252 2.46255 3.14120 0.0527333 23.3851 1.77047 2.22116 13.5541 18.2885 31.8585 1.50417 3.86968 0.422709
0.0200000 3.57690 0.363076 2.46096 3.14029 0.0527078 23.3765 1.76551 2.21717 13.5799 18.2407 31.8365 1.50407 3.86131 0.421795
0.0300000 3.57492 0.364300 2.45848 3.13878 0.0526656 23.3675 1.75750 2.21069 13.6204 18.1635 31.7998 1.50390 3.84779 0.420318
0.0400000 3.57213 0.365921 2.45513 3.13669 0.0526072 23.3553 1.74665 2.20184 13.6740 18.0586 31.7484 1.50367 3.82947 0.418318
0.0500000 3.56853 0.367890 2.45095 3.13404 0.0525329 23.3399 1.73319 2.19077 13.7385 17.9279 31.6822 1.50338 3.80671 0.415832
0.0600000 3.56411 0.370166 2.44600 3.13083 0.0524431 23.3207 1.71733 2.17760 13.8120 17.7734 31.6012 1.50302 3.77987 0.412899
0.0700000 3.55884 0.372694 2.44036 3.12708 0.0523381 23.2977 1.69928 2.16248 13.8927 17.5968 31.5053 1.50260 3.74928 0.409558
0.0800000 3.55270 0.375426 2.43407 3.12280 0.0522183 23.2708 1.67926 2.14553 13.9783 17.4003 31.3943 1.50213 3.71531 0.405847
0.0900000 3.54563 0.378313 2.42719 3.11801 0.0520841 23.2397 1.65748 2.12690 14.0670 17.1856 31.2682 1.50159 3.67831 0.401805
0.100000 3.53756 0.381324 2.41978 3.11272 0.0519358 23.2030 1.63415 2.10671 14.1566 16.9548 31.1269 1.50100 3.63863 0.397470
0.110000 3.52841 0.384389 2.41190 3.10693 0.0517738 23.1619 1.60950 2.08510 14.2451 16.7097 30.9702 1.50035 3.59662 0.392881
0.120000 3.51807 0.387455 2.40363 3.10067 0.0515985 23.1161 1.58374 2.06220 14.3303 16.4522 30.7980 1.49964 3.55264 0.388077
0.130000 3.50661 0.390469 2.39502 3.09395 0.0514101 23.0656 1.55708 2.03815 14.4103 16.1844 30.6099 1.49887 3.50703 0.383096
0.140000 3.49420 0.393377 2.38615 3.08678 0.0512092 23.0104 1.52973 2.01308 14.4828 15.9079 30.4060 1.49806 3.46016 0.377976
0.150000 3.48116 0.396131 2.37707 3.07917 0.0509960 22.9503 1.50192 1.98713 14.5461 15.6248 30.1860 1.49718 3.41238 0.372756
0.160000 3.46796 0.398677 2.36784 3.07114 0.0507708 22.8854 1.47385 1.96043 14.5982 15.3367 29.9499 1.49626 3.36403 0.367475
0.170000 3.45504 0.400964 2.35853 3.06270 0.0505342 22.8157 1.44575 1.93311 14.6372 15.0455 29.6976 1.49528 3.31548 0.362171
0.180000 3.44271 0.402941 2.34920 3.05386 0.0502863 22.7413 1.41782 1.90532 14.6614 14.7530 29.4291 1.49425 3.26706 0.356882
0.190000 3.43146 0.404559 2.33992 3.04464 0.0500277 22.6622 1.39027 1.87718 14.6691 14.4608 29.1445 1.49317 3.21912 0.351645
0.200000 3.42174 0.405789 2.33071 3.03505 0.0497585 22.5787 1.36316 1.84882 14.6595 14.1699 28.8438 1.49204 3.17175 0.346471
0.210000 3.41300 0.406618 2.32160 3.02509 0.0494793 22.4909 1.33648 1.82030 14.6323 13.8807 28.5273 1.49086 3.12496 0.341359
0.220000 3.40426 0.407038 2.31262 3.01480 0.0491904 22.3989 1.31023 1.79163 14.5875 13.5934 28.1951 1.48964 3.07872 0.336308
0.230000 3.39474 0.407047 2.30377 3.00417 0.0488921 22.3028 1.28440 1.76283 14.5252 13.3081 27.8473 1.48836 3.03304 0.331318
0.240000 3.38458 0.406634 2.29507 2.99322 0.0485847 22.2025 1.25899 1.73390 14.4453 13.0249 27.4840 1.48703 2.98791 0.326388
0.250000 3.37417 0.405798 2.28655 2.98196 0.0482688 22.0982 1.23399 1.70485 14.3478 12.7439 27.1053 1.48566 2.94331 0.321517
0.260000 3.36430 0.404536 2.27821 2.97042 0.0479445 21.9896 1.20940 1.67571 14.2329 12.4653 26.7116 1.48424 2.89926 0.316704
0.270000 3.35630 0.402848 2.27007 2.95859 0.0476123 21.8768 1.18522 1.64647 14.1009 12.1891 26.3031 1.48278 2.85572 0.311949
0.280000 3.35042 0.400740 2.26212 2.94649 0.0472726 21.7601 1.16142 1.61716 13.9522 11.9154 25.8805 1.48127 2.81271 0.307251
0.290000 3.34475 0.398214 2.25438 2.93415 0.0469256 21.6392 1.13802 1.58777 13.7872 11.6443 25.4443 1.47972 2.77021 0.302608
0.300000 3.33860 0.395271 2.24686 2.92156 0.0465718 21.5143 1.11500 1.55833 13.6064 11.3759 24.9948 1.47812 2.72822 0.298021
0.310000 3.33390 0.391904 2.23957 2.90874 0.0462116 21.3859 1.09237 1.52884 13.4099 11.1103 24.5325 1.47648 2.68672 0.293488
0.320000 3.33159 0.388133 2.23251 2.89571 0.0458452 21.2533 1.07010 1.49932 13.1986 10.8475 24.0581 1.47480 2.64572 0.289008
0.330000 3.33049 0.383966 2.22568 2.88248 0.0454731 21.1168 1.04821 1.46978 12.9730 10.5876 23.5724 1.47308 2.60520 0.284582
0.340000 3.33000 0.379402 2.21908 2.86906 0.0450955 20.9765 1.02668 1.44022 12.7336 10.3307 23.0758 1.47132 2.56515 0.280208
0.350000 3.33023 0.374453 2.21273 2.85546 0.0447130 20.8323 1.00551 1.41066 12.4811 10.0768 22.5692 1.46951 2.52558 0.275885
0.360000 3.33205 0.369108 2.20664 2.84171 0.0443257 20.6848 0.984688 1.38112 12.2159 9.82598 22.0529 1.46767 2.48646 0.271612
0.370000 3.33596 0.363377 2.20082 2.82780 0.0439342 20.5343 0.964216 1.35160 11.9387 9.57834 21.5278 1.46579 2.44781 0.267389
0.380000 3.34074 0.357257 2.19527 2.81376 0.0435387 20.3812 0.944085 1.32211 11.6501 9.33393 20.9945 1.46388 2.40960 0.263216
0.390000 3.34618 0.350746 2.19000 2.79959 0.0431397 20.2257 0.924291 1.29266 11.3505 9.09280 20.4535 1.46192 2.37183 0.259090
0.400000 3.35275 0.343839 2.18505 2.78531 0.0427374 20.0680 0.904828 1.26327 11.0403 8.85500 19.9052 1.45994 2.33450 0.255012
0.410000 3.36079 0.336517 2.18043 2.77094 0.0423322 19.9086 0.885690 1.23395 10.7193 8.62062 19.3496 1.45791 2.29759 0.250980
0.420000 3.37059 0.328831 2.17610 2.75648 0.0419246 19.7474 0.866873 1.20471 10.3897 8.38962 18.7887 1.45586 2.26110 0.246995
0.430000 3.38222 0.320888 2.17197 2.74195 0.0415148 19.5845 0.848370 1.17556 10.0551 8.16191 18.2261 1.45377 2.22503 0.243054
0.440000 3.39560 0.312783 2.16796 2.72737 0.0411033 19.4203 0.830176 1.14651 9.71894 7.93740 17.6652 1.45166 2.18936 0.239158
0.450000 3.41124 0.304525 2.16407 2.71274 0.0406903 19.2548 0.812287 1.11758 9.38171 7.71613 17.1064 1.44951 2.15409 0.235305
0.460000 3.42941 0.296126 2.16029 2.69807 0.0402763 19.0881 0.794695 1.08876 9.04398 7.49815 16.5504 1.44733 2.11921 0.231495
0.470000 3.45002 0.287599 2.15662 2.68339 0.0398616 18.9207 0.777397 1.06009 8.70652 7.28347 15.9980 1.44513 2.08472 0.227727
0.480000 3.47276 0.278969 2.15306 2.66870 0.0394465 18.7521 0.760386 1.03156 8.37004 7.07212 15.4499 1.44291 2.05060 0.224001
0.490000 3.49716 0.270252 2.14958 2.65402 0.0390315 18.5824 0.743658 1.00319 8.03509 6.86411 14.9067 1.44066 2.01686 0.220314
0.500000 3.52357 0.261494 2.14617 2.63937 0.0386169 18.4092 0.727206 0.974988 7.70224 6.65942 14.3688 1.43839 1.98347 0.216667
0.510000 3.55208 0.252682 2.14284 2.62474 0.0382031 18.2344 0.711025 0.946968 7.37199 6.45811 13.8370 1.43609 1.95045 0.213060
0.520000 3.58258 0.243790 2.13963 2.61016 0.0377903 18.0609 0.695110 0.919141 7.04489 6.26025 13.3118 1.43379 1.91777 0.209490
0.530000 3.61508 0.234867 2.13650 2.59564 0.0373791 17.8865 0.679456 0.891517 6.72152 6.06578 12.7937 1.43146 1.88543 0.205957
0.540000 3.64934 0.225929 2.13345 2.58120 0.0369697 17.7113 0.664056 0.864109 6.40237 5.87474 12.2833 1.42912 1.85343 0.202461
0.550000 3.68570 0.216987 2.13048 2.56684 0.0365624 17.5355 0.648907 0.836927 6.08795 5.68713 11.7810 1.42676 1.82175 0.199001
0.560000 3.72409 0.208054 2.12757 2.55258 0.0361578 17.3594 0.634001 0.809983 5.77869 5.50296 11.2873 1.42440 1.79039 0.195576
0.570000 3.76469 0.199146 2.12474 2.53843 0.0357561 17.1830 0.619334 0.783288 5.47508 5.32222 10.8027 1.42203 1.75935 0.192185
0.580000 3.80736 0.190279 2.12198 2.52440 0.0353577 17.0065 0.604900 0.756853 5.17755 5.14492 10.3276 1.41965 1.72862 0.188828
0.590000 3.85198 0.181468 2.11927 2.51051 0.0349629 16.8298 0.590695 0.730691 4.88650 4.97104 9.86248 1.41727 1.69818 0.185503
0.600000 3.89880 0.172731 2.11662 2.49678 0.0345721 16.6529 0.576711 0.704811 4.60233 4.80059 9.40763 1.41489 1.66803 0.182210
0.610000 3.94788 0.164083 2.11401 2.48321 0.0341857 16.4757 0.562945 0.679226 4.32540 4.63356 8.96344 1.41251 1.63817 0.178948
0.620000 3.99923 0.155541 2.11145 2.46981 0.0338041 16.2983 0.549390 0.653947 4.05607 4.46993 8.53026 1.41014 1.60859 0.175716
0.630000 4.05280 0.147118 2.10893 2.45661 0.0334275 16.1207 0.536042 0.628985 3.79463 4.30970 8.10839 1.40777 1.57927 0.172514
0.640000 4.10867 0.138830 2.10644 2.44361 0.0330564 15.9428 0.522894 0.604351 3.54136 4.15285 7.69805 1.40541 1.55022 0.169341
0.650000 4.16691 0.130692 2.10399 2.43083 0.0326911 15.7647 0.509941 0.580058 3.29650 3.99936 7.29951 1.40307 1.52143 0.166195
0.660000 4.22748 0.122714 2.10157 2.41827 0.0323320 15.5862 0.497179 0.556115 3.06024 3.84923 6.91293 1.40074 1.49289 0.163077
0.670000 4.29047 0.114912 2.09917 2.40596 0.0319795 15.4075 0.484600 0.532535 2.83280 3.70243 6.53849 1.39844 1.46458 0.159986
0.680000 4.35594 0.107297 2.09680 2.39390 0.0316339 15.2282 0.472201 0.509329 2.61430 3.55894 6.17633 1.39616 1.43651 0.156920
0.690000 4.42387 0.0998847 2.09446 2.38212 0.0312955 15.0479 0.459976 0.486508 2.40489 3.41875 5.82654 1.39390 1.40867 0.153878
0.700000 4.49430 0.0926823 2.09214 2.37061 0.0309647 14.8670 0.447919 0.464084 2.20464 3.28183 5.48922 1.39168 1.38105 0.150861
0.710000 4.56712 0.0856962 2.08985 2.35940 0.0306420 14.6857 0.436024 0.442068 2.01362 3.14816 5.16436 1.38949 1.35365 0.147868
0.720000 4.64240 0.0789383 2.08759 2.34850 0.0303276 14.5038 0.424287 0.420471 1.83185 3.01773 4.85200 1.38734 1.32645 0.144896
0.730000 4.72037 0.0724165 2.08537 2.33792 0.0300218 14.3210 0.412702 0.399304 1.65932 2.89050 4.55210 1.38523 1.29945 0.141947
0.740000 4.80069 0.0661364 2.08318 2.32767 0.0297253 14.1373 0.401263 0.378579 1.49599 2.76646 4.26458 1.38316 1.27264 0.139019
0.750000 4.88344 0.0601041 2.08103 2.31777 0.0294381 13.9528 0.389965 0.358308 1.34179 2.64558 3.98936 1.38115 1.24602 0.136110
0.760000 4.96846 0.0543224 2.07894 2.30822 0.0291607 13.7673 0.378803 0.338501 1.19660 2.52783 3.72629 1.37919 1.21957 0.133221
0.770000 5.05576 0.0487948 2.07690 2.29906 0.0288935 13.5811 0.367772 0.319170 1.06029 2.41319 3.47522 1.37729 1.19330 0.130351
0.780000 5.14554 0.0435258 2.07493 2.29027 0.0286368 13.3935 0.356864 0.300327 0.932739 2.30163 3.23598 1.37545 1.16719 0.127499
0.790000 5.23741 0.0385162 2.07298 2.28184 0.0283910 13.2055 0.346077 0.281982 0.813798 2.19308 3.00838 1.37369 1.14123 0.124664
0.800000 5.33126 0.0337885 2.07063 2.27336 0.0281564 13.0166 0.335403 0.264147 0.703699 2.08710 2.79220 1.37204 1.11543 0.121845
0.810000 5.42686 0.0293652 2.06729 2.26426 0.0279334 12.8270 0.324838 0.246833 0.602670 1.98320 2.58716 1.37062 1.08976 0.119042
0.820000 5.52407 0.0252652 2.06237 2.25397 0.0277225 12.6362 0.314376 0.230052 0.510810 1.88096 2.39297 1.36953 1.06424 0.116253
0.830000 5.62282 0.0215016 2.05527 2.24192 0.0275238 12.4450 0.304011 0.213815 0.428139 1.78008 2.20932 1.36891 1.03884 0.113479
0.840000 5.72258 0.0180847 2.04543 2.22754 0.0273379 12.2533 0.293739 0.198133 0.354554 1.68032 2.03590 1.36884 1.01356 0.110717
0.850000 5.82267 0.0150198 2.03227 2.21028 0.0271649 12.0603 0.283553 0.183017 0.289829 1.58156 1.87233 1.36948 0.988394 0.107969
0.860000 5.92311 0.0123064 2.01520 2.18954 0.0270055 11.8680 0.273449 0.168480 0.233684 1.48374 1.71828 1.37093 0.963336 0.105231
0.870000 6.02351 0.00994230 1.99368 2.16478 0.0268597 11.6751 0.263421 0.154532 0.185724 1.38685 1.57336 1.37336 0.938378 0.102505
0.880000 6.12402 0.00791697 1.96713 2.13541 0.0267282 11.4818 0.253464 0.141185 0.145441 1.29097 1.43713 1.37693 0.913513 0.0997888
0.890000 6.22439 0.00621604 1.93507 2.10088 0.0265988 11.2881 0.243571 0.128450 0.112267 1.19626 1.30918 1.38167 0.888732 0.0970819
0.900000 6.32414 0.00481394 1.89746 2.06060 0.0263882 11.0939 0.233738 0.116338 0.0854486 1.10304 1.18909 1.38657 0.864030 0.0943835
0.910000 6.42296 0.00367892 1.85441 2.01402 0.0259887 10.8990 0.223960 0.104861 0.0641542 1.01172 1.07641 1.39019 0.839399 0.0916929
0.920000 6.52004 0.00277910 1.80568 1.96056 0.0253491 10.7026 0.214230 0.0940299 0.0475900 0.922581 0.970656 1.39183 0.814833 0.0890093
0.930000 6.61274 0.00208306 1.75062 1.89965 0.0244915 10.5039 0.204544 0.0838562 0.0350085 0.835817 0.871261 1.39179 0.790323 0.0863320
0.940000 6.69922 0.00154324 1.68895 1.83115 0.0234432 10.3000 0.194895 0.0743511 0.0254327 0.751816 0.777637 1.39050 0.765863 0.0836601
0.950000 6.77361 0.00107906 1.62151 1.75598 0.0222315 10.0852 0.185280 0.0655261 0.0174120 0.671382 0.689138 1.38820 0.741446 0.0809928
0.960000 6.83117 0.000603983 1.54934 1.67525 0.0208835 9.83303 0.175691 0.0573923 0.00950237 0.595234 0.605038 1.38488 0.717064 0.0783294
0.970000 6.88847 3.03618e-05 1.47349 1.59008 0.0194266 9.52586 0.166124 0.0499124 0.000462755 0.523796 0.524521 1.38050 0.692711 0.0756692
0.980000 6.89101 -0.000716158 1.39496 1.50157 0.0178879 9.09684 0.156573 0.0429351 -0.0104236 0.457094 0.446893 1.37497 0.668379 0.0730113
0.990000 7.05909 -0.00176098 1.31483 1.41084 0.0162948 8.48132 0.147033 0.0362928 -0.0238967 0.395077 0.371366 1.36818 0.644061 0.0703549
1.00000 7.41343 -0.00334104 1.23429 1.31900 0.0146744 7.49484 0.137499 0.0298182 -0.0400649 0.337699 0.297783 1.36001 0.619751 0.0676993