PLASMA GEOMETRY
Vacuum Toroidal magnetic field at R=1.69550m [Tesla] 
	2.00381
Geometric Center Major radius [m]
	1.64345
Minor radius [m]
	0.627452
Avg. Elongation
	1.49557
Avg. Top/Bottom Triangularity
	0.0528165
Main Contaminant Species
	12C
TRYING TO GET TO BETA(0)=0.0156858 , Rmax=1.72239
	
Rho(norml. sqrt. toroid. flux), q, Beam Ion Density(10^13 cm^-3), Ion Density(10^13 cm^-3), Elec Density(10^13 cm^-3), Impurity Density(10^13 cm^-3), Beam Ion Effective Temp(keV), Ion Temp(keV), Electron Temp(keV), Beam Pressure(kPa), Thermal Pressure(kPa), Equil.Pressure(kPa), Zeff, Tor Rot(kHz), Tor Rot(10^5 m/s) 
0.00000 3.44474 0.194510 2.49076 3.27852 0.0988761 23.9274 1.99954 1.68946 7.45030 17.0370 24.6061 1.90476 6.09725 0.659853
0.0100000 3.44431 0.194421 2.49248 3.27842 0.0985860 23.9274 1.99865 1.68879 7.44689 17.0345 24.5998 1.90214 6.08532 0.658561
0.0200000 3.44302 0.194210 2.49728 3.27811 0.0977701 23.9231 1.99599 1.68680 7.43748 17.0261 24.5808 1.89475 6.05140 0.654891
0.0300000 3.44089 0.193865 2.50467 3.27759 0.0965106 23.9188 1.99164 1.68353 7.42294 17.0108 24.5492 1.88337 5.99831 0.649145
0.0400000 3.43792 0.193367 2.51416 3.27687 0.0948894 23.9198 1.98565 1.67903 7.40419 16.9876 24.5049 1.86872 5.92886 0.641629
0.0500000 3.43414 0.192792 2.52520 3.27592 0.0929885 23.9208 1.97807 1.67334 7.38245 16.9552 24.4481 1.85156 5.84586 0.632647
0.0600000 3.42961 0.192245 2.53718 3.27477 0.0908899 23.9126 1.96898 1.66649 7.35901 16.9122 24.3787 1.83264 5.75213 0.622503
0.0700000 3.42442 0.191675 2.54966 3.27339 0.0886755 23.9045 1.95841 1.65853 7.33469 16.8577 24.2967 1.81269 5.65048 0.611502
0.0800000 3.41872 0.191329 2.56190 3.27179 0.0864274 23.8710 1.94644 1.64950 7.31122 16.7900 24.2023 1.79248 5.54372 0.599949
0.0900000 3.41274 0.191013 2.57360 3.26998 0.0842275 23.8376 1.93312 1.63943 7.28893 16.7087 24.0954 1.77274 5.43467 0.588147
0.100000 3.40642 0.191019 2.58405 3.26793 0.0821437 23.7729 1.91851 1.62837 7.26936 16.6121 23.9762 1.75409 5.32610 0.576397
0.110000 3.39924 0.191067 2.59347 3.26566 0.0801871 23.7081 1.90267 1.61636 7.25137 16.5016 23.8446 1.73664 5.21947 0.564857
0.120000 3.39028 0.191396 2.60164 3.26316 0.0783541 23.6147 1.88565 1.60344 7.23522 16.3768 23.7008 1.72035 5.11483 0.553533
0.130000 3.37877 0.191742 2.60884 3.26043 0.0766414 23.5213 1.86751 1.58965 7.21963 16.2392 23.5448 1.70519 5.01216 0.542423
0.140000 3.36540 0.192303 2.61489 3.25747 0.0750456 23.4039 1.84832 1.57503 7.20463 16.0887 23.3767 1.69114 4.91145 0.531523
0.150000 3.35137 0.192855 2.62003 3.25427 0.0735633 23.2865 1.82813 1.55962 7.18907 15.9267 23.1965 1.67816 4.81265 0.520832
0.160000 3.33720 0.193458 2.62422 3.25083 0.0721910 23.1608 1.80700 1.54346 7.17263 15.7534 23.0044 1.66621 4.71577 0.510346
0.170000 3.32249 0.194023 2.62757 3.24715 0.0709255 23.0351 1.78498 1.52660 7.15452 15.5699 22.8005 1.65527 4.62076 0.500064
0.180000 3.30712 0.194457 2.63018 3.24322 0.0697633 22.9179 1.76214 1.50906 7.13405 15.3769 22.5848 1.64532 4.52762 0.489984
0.190000 3.29137 0.194824 2.63202 3.23905 0.0687010 22.8007 1.73853 1.49090 7.11097 15.1749 22.3576 1.63631 4.43630 0.480102
0.200000 3.27530 0.195010 2.63321 3.23464 0.0677352 22.6943 1.71421 1.47215 7.08453 14.9647 22.1190 1.62822 4.34681 0.470417
0.210000 3.25861 0.195102 2.63369 3.22997 0.0668625 22.5879 1.68924 1.45286 7.05466 14.7469 21.8694 1.62102 4.25910 0.460925
0.220000 3.24128 0.195027 2.63355 3.22505 0.0660795 22.4878 1.66369 1.43306 7.02066 14.5220 21.6088 1.61468 4.17317 0.451626
0.230000 3.22350 0.194831 2.63275 3.21988 0.0653828 22.3876 1.63759 1.41279 6.98239 14.2908 21.3375 1.60918 4.08898 0.442515
0.240000 3.20551 0.194519 2.63131 3.21444 0.0647691 22.2858 1.61102 1.39210 6.93949 14.0536 21.0558 1.60448 4.00652 0.433591
0.250000 3.18733 0.194064 2.62928 3.20875 0.0642348 22.1839 1.58403 1.37103 6.89159 13.8113 20.7640 1.60056 3.92576 0.424851
0.260000 3.16896 0.193554 2.62659 3.20280 0.0637767 22.0715 1.55669 1.34961 6.83866 13.5641 20.4624 1.59738 3.84668 0.416293
0.270000 3.15057 0.192883 2.62336 3.19659 0.0633914 21.9590 1.52904 1.32789 6.78023 13.3130 20.1515 1.59493 3.76926 0.407914
0.280000 3.13220 0.192210 2.61945 3.19011 0.0630753 21.8288 1.50115 1.30591 6.71649 13.0583 19.8316 1.59316 3.69347 0.399712
0.290000 3.11397 0.191359 2.61505 3.18336 0.0628252 21.6985 1.47307 1.28371 6.64688 12.8007 19.5032 1.59207 3.61930 0.391685
0.300000 3.09626 0.190462 2.61005 3.17634 0.0626376 21.5539 1.44487 1.26133 6.57160 12.5408 19.1668 1.59160 3.54671 0.383830
0.310000 3.07876 0.189377 2.60461 3.16905 0.0625091 21.4092 1.41660 1.23880 6.49031 12.2794 18.8230 1.59175 3.47570 0.376144
0.320000 3.06196 0.188153 2.59871 3.16148 0.0624364 21.2591 1.38832 1.21618 6.40314 12.0170 18.4722 1.59247 3.40623 0.368626
0.330000 3.04596 0.186736 2.59240 3.15363 0.0624160 21.1089 1.36008 1.19349 6.31003 11.7543 18.1153 1.59375 3.33828 0.361273
0.340000 3.03065 0.185135 2.58570 3.14551 0.0624446 20.9578 1.33196 1.17079 6.21114 11.4917 17.7528 1.59556 3.27183 0.354082
0.350000 3.01636 0.183342 2.57864 3.13710 0.0625187 20.8066 1.30399 1.14811 6.10663 11.2299 17.3855 1.59786 3.20686 0.347051
0.360000 3.00311 0.181362 2.57123 3.12841 0.0626349 20.6553 1.27625 1.12549 5.99674 10.9694 17.0142 1.60064 3.14335 0.340177
0.370000 2.99094 0.179197 2.56349 3.11943 0.0627899 20.5039 1.24880 1.10297 5.88174 10.7108 16.6396 1.60386 3.08127 0.333459
0.380000 2.98009 0.176848 2.55543 3.11016 0.0629803 20.3531 1.22168 1.08059 5.76193 10.4545 16.2626 1.60750 3.02061 0.326894
0.390000 2.97051 0.174326 2.54706 3.10060 0.0632026 20.2023 1.19495 1.05840 5.63767 10.2011 15.8841 1.61152 2.96133 0.320479
0.400000 2.96233 0.171624 2.53841 3.09075 0.0634535 20.0535 1.16869 1.03641 5.50942 9.95090 15.5049 1.61590 2.90342 0.314211
0.410000 2.95572 0.168780 2.52944 3.08060 0.0637295 19.9047 1.14293 1.01461 5.37789 9.70420 15.1259 1.62062 2.84685 0.308089
0.420000 2.95061 0.165776 2.52021 3.07015 0.0640273 19.7591 1.11775 0.993008 5.24356 9.46132 14.7479 1.62564 2.79160 0.302111
0.430000 2.94720 0.162662 2.51069 3.05941 0.0643434 19.6134 1.09320 0.971604 5.10712 9.22247 14.3718 1.63094 2.73765 0.296272
0.440000 2.94553 0.159408 2.50090 3.04836 0.0646746 19.4729 1.06934 0.950394 4.96912 8.98795 13.9986 1.63649 2.68498 0.290572
0.450000 2.94563 0.156081 2.49082 3.03700 0.0650173 19.3324 1.04619 0.929380 4.83030 8.75782 13.6290 1.64225 2.63356 0.285008
0.460000 2.94765 0.152660 2.48047 3.02534 0.0653681 19.1978 1.02373 0.908559 4.69153 8.53203 13.2638 1.64821 2.58338 0.279577
0.470000 2.95157 0.149224 2.46981 3.01337 0.0657237 19.0631 1.00193 0.887932 4.55375 8.31034 12.9037 1.65432 2.53441 0.274277
0.480000 2.95752 0.145750 2.45885 3.00109 0.0660808 18.9344 0.980736 0.867497 4.41770 8.09270 12.5493 1.66057 2.48662 0.269105
0.490000 2.96556 0.142314 2.44757 2.98849 0.0664357 18.8056 0.960126 0.847254 4.28422 7.87887 12.2014 1.66692 2.44000 0.264059
0.500000 2.97567 0.138924 2.43594 2.97558 0.0667853 18.6786 0.940063 0.827203 4.15391 7.66873 11.8604 1.67333 2.39451 0.259137
0.510000 2.98804 0.135614 2.42398 2.96235 0.0671261 18.5515 0.920510 0.807342 4.02737 7.46216 11.5267 1.67979 2.35016 0.254337
0.520000 3.00263 0.132446 2.41162 2.94879 0.0674546 18.4185 0.901433 0.787671 3.90507 7.25895 11.2006 1.68626 2.30689 0.249655
0.530000 3.01949 0.129385 2.39893 2.93492 0.0677676 18.2855 0.882796 0.768189 3.78728 7.05906 10.8823 1.69270 2.26470 0.245089
0.540000 3.03872 0.126493 2.38585 2.92072 0.0680615 18.1453 0.864565 0.748896 3.67426 6.86230 10.5719 1.69909 2.22357 0.240637
0.550000 3.06033 0.123723 2.37246 2.90619 0.0683330 18.0051 0.846703 0.729790 3.56601 6.66865 10.2694 1.70539 2.18347 0.236297
0.560000 3.08433 0.121031 2.35882 2.89132 0.0685788 17.8708 0.829177 0.710872 3.46241 6.47806 9.97463 1.71156 2.14437 0.232066
0.570000 3.11083 0.118457 2.34490 2.87613 0.0687953 17.7365 0.811950 0.692141 3.36330 6.29038 9.68724 1.71758 2.10626 0.227942
0.580000 3.13978 0.115856 2.33087 2.86060 0.0689792 17.6218 0.794987 0.673595 3.26818 6.10570 9.40683 1.72341 2.06911 0.223922
0.590000 3.17124 0.113352 2.31662 2.84474 0.0691271 17.5072 0.778254 0.655234 3.17675 5.92376 9.13283 1.72900 2.03290 0.220003
0.600000 3.20522 0.110753 2.30237 2.82854 0.0692357 17.4186 0.761714 0.637058 3.08820 5.74468 8.86457 1.73433 1.99761 0.216184
0.610000 3.24169 0.108213 2.28797 2.81199 0.0693014 17.3300 0.745333 0.619066 3.00203 5.56817 8.60123 1.73935 1.96322 0.212462
0.620000 3.28068 0.105484 2.27369 2.79510 0.0693210 17.2754 0.729075 0.601257 2.91709 5.39443 8.34189 1.74403 1.92970 0.208835
0.630000 3.32214 0.102758 2.25936 2.77786 0.0692910 17.2207 0.712906 0.583630 2.83272 5.22311 8.08551 1.74832 1.89703 0.205299
0.640000 3.36603 0.0997827 2.24525 2.76028 0.0692080 17.2013 0.696789 0.566185 2.74760 5.05439 7.83096 1.75218 1.86520 0.201854
0.650000 3.41233 0.0967438 2.23119 2.74234 0.0690686 17.1819 0.680691 0.548921 2.66091 4.88796 7.57712 1.75558 1.83416 0.198495
0.660000 3.46098 0.0935169 2.21732 2.72406 0.0688694 17.1782 0.664574 0.531838 2.57161 4.72384 7.32295 1.75846 1.80391 0.195222
0.670000 3.51195 0.0901695 2.20360 2.70541 0.0686071 17.1745 0.648405 0.514934 2.47903 4.56184 7.06760 1.76078 1.77442 0.192030
0.680000 3.56522 0.0867284 2.19001 2.68641 0.0682781 17.1618 0.632149 0.498210 2.38265 4.40184 6.81042 1.76248 1.74568 0.188920
0.690000 3.62080 0.0831282 2.17665 2.66705 0.0678793 17.1490 0.615769 0.481664 2.28205 4.24379 6.55095 1.76353 1.71765 0.185886
0.700000 3.67864 0.0794387 2.16344 2.64733 0.0674070 17.1206 0.599230 0.465295 2.17715 4.08752 6.28894 1.76387 1.69031 0.182927
0.710000 3.73876 0.0755787 2.15051 2.62724 0.0668580 17.0923 0.582498 0.449104 2.06793 3.93300 6.02433 1.76344 1.66364 0.180042
0.720000 3.80119 0.0715811 2.13783 2.60678 0.0662288 17.0585 0.565538 0.433089 1.95468 3.78011 5.75729 1.76219 1.63763 0.177226
0.730000 3.86587 0.0674353 2.12542 2.58596 0.0655161 17.0247 0.548313 0.417250 1.83782 3.62874 5.48814 1.76006 1.61224 0.174479
0.740000 3.93285 0.0631614 2.11330 2.56476 0.0647164 16.9920 0.530789 0.401586 1.71804 3.47877 5.21745 1.75699 1.58746 0.171797
0.750000 4.00216 0.0587928 2.10144 2.54319 0.0638263 16.9593 0.512938 0.386096 1.59614 3.33011 4.94592 1.75291 1.56326 0.169178
0.760000 4.07377 0.0542990 2.08989 2.52125 0.0628427 16.9445 0.494801 0.370780 1.47285 3.18292 4.67445 1.74776 1.53962 0.166619
0.770000 4.14769 0.0497782 2.07855 2.49892 0.0617655 16.9297 0.476447 0.355636 1.34904 3.03738 4.40410 1.74150 1.51651 0.164119
0.780000 4.22396 0.0451519 2.06748 2.47622 0.0605985 16.9572 0.457947 0.340663 1.22565 2.89374 4.13607 1.73417 1.49393 0.161675
0.790000 4.30255 0.0406031 2.05646 2.45313 0.0593456 16.9848 0.439371 0.325853 1.10397 2.75209 3.87172 1.72575 1.47183 0.159283
0.800000 4.38348 0.0360070 2.04559 2.42966 0.0580107 17.0912 0.420790 0.311198 0.985136 2.61269 3.61249 1.71628 1.45021 0.156943
0.810000 4.46671 0.0316294 2.03458 2.40580 0.0565978 17.1976 0.402274 0.296692 0.870751 2.47558 3.36001 1.70577 1.42903 0.154651
0.820000 4.55237 0.0273573 2.02353 2.38155 0.0551107 17.4036 0.383895 0.282327 0.762168 2.34103 3.11591 1.69422 1.40828 0.152406
0.830000 4.64059 0.0234518 2.01214 2.35691 0.0535533 17.6097 0.365723 0.268095 0.661098 2.20909 2.88196 1.68166 1.38793 0.150203
0.840000 4.73149 0.0198266 2.00047 2.33187 0.0519295 17.9236 0.347827 0.253989 0.568868 2.08003 2.65975 1.66808 1.36796 0.148043
0.850000 4.82535 0.0166633 1.98832 2.30644 0.0502433 18.2375 0.330280 0.240001 0.486480 1.95396 2.45041 1.65352 1.34835 0.145920
0.860000 4.92228 0.0138770 1.97574 2.28061 0.0484985 18.6494 0.313151 0.226125 0.414281 1.83115 2.25455 1.63797 1.32908 0.143835
0.870000 5.02233 0.0115423 1.96264 2.25437 0.0466991 19.0612 0.296511 0.212353 0.352193 1.71176 2.07227 1.62145 1.31012 0.141783
0.880000 5.12578 0.00956068 1.94908 2.22774 0.0448489 19.5777 0.280431 0.198677 0.299632 1.59606 1.90325 1.60396 1.29145 0.139763
0.890000 5.23264 0.00794889 1.93503 2.20069 0.0429518 20.0943 0.264980 0.185090 0.255692 1.48423 1.74676 1.58552 1.27305 0.137771
0.900000 5.34300 0.00661110 1.91994 2.17262 0.0410118 20.7320 0.250231 0.171584 0.219407 1.37609 1.60166 1.56630 1.25490 0.135807
0.910000 5.45693 0.00556422 1.90174 2.14151 0.0390328 21.3696 0.236252 0.158153 0.190343 1.27061 1.46650 1.54680 1.23697 0.133867
0.920000 5.57443 0.00471977 1.87831 2.10514 0.0370186 22.1726 0.223116 0.144788 0.167523 1.16705 1.33953 1.52755 1.21924 0.131948
0.930000 5.69567 0.00406213 1.84742 2.06132 0.0349732 22.9755 0.210888 0.131483 0.149402 1.06491 1.21874 1.50899 1.20170 0.130049
0.940000 5.82092 0.00348815 1.80694 2.00783 0.0329005 24.0297 0.199547 0.118229 0.134177 0.963771 1.10189 1.49158 1.18430 0.128167
0.950000 5.95048 0.00298590 1.75466 1.94247 0.0308044 25.0838 0.188971 0.105020 0.119897 0.863175 0.986569 1.47575 1.16705 0.126299
0.960000 6.08401 0.00245571 1.68844 1.86303 0.0286887 26.5032 0.179031 0.0918484 0.104187 0.762956 0.870228 1.46197 1.14990 0.124444
0.970000 6.21999 0.00188474 1.60608 1.76731 0.0265574 27.9226 0.169601 0.0787060 0.0842450 0.663217 0.750168 1.45081 1.13285 0.122598
0.980000 6.35711 0.00122198 1.50538 1.65308 0.0244144 29.0723 0.160553 0.0655859 0.0568697 0.564378 0.623603 1.44307 1.11586 0.120760
0.990000 6.49917 0.000534331 1.38404 1.51816 0.0222636 30.2219 0.151760 0.0524807 0.0258505 0.467157 0.487657 1.43995 1.09892 0.118926
1.00000 6.65336 0.00000 1.24117 1.36182 0.0201089 30.2219 0.143094 0.0393829 0.00000 0.373041 0.339661 1.44298 1.08199 0.117095
