  0.0000000E+00
  1.0101010E-02
  2.0202020E-02
  3.0303031E-02
  4.0404040E-02
  5.0505053E-02
  6.0606062E-02
  7.0707068E-02
  8.0808081E-02
  9.0909094E-02
  0.1010101    
  0.1111111    
  0.1212121    
  0.1313131    
  0.1414142    
  0.1515152    
  0.1616162    
  0.1717172    
  0.1818182    
  0.1919192    
  0.2020202    
  0.2121212    
  0.2222222    
  0.2323232    
  0.2424242    
  0.2525252    
  0.2626262    
  0.2727273    
  0.2828283    
  0.2929293    
  0.3030303    
  0.3131313    
  0.3232324    
  0.3333334    
  0.3434344    
  0.3535354    
  0.3636364    
  0.3737375    
  0.3838385    
  0.3939395    
  0.4040405    
  0.4141415    
  0.4242426    
  0.4343436    
  0.4444446    
  0.4545456    
  0.4646466    
  0.4747477    
  0.4848487    
  0.4949497    
  0.5050507    
  0.5151517    
  0.5252528    
  0.5353538    
  0.5454548    
  0.5555558    
  0.5656568    
  0.5757579    
  0.5858589    
  0.5959599    
  0.6060609    
  0.6161619    
  0.6262630    
  0.6363640    
  0.6464650    
  0.6565660    
  0.6666670    
  0.6767681    
  0.6868691    
  0.6969701    
  0.7070711    
  0.7171721    
  0.7272732    
  0.7373742    
  0.7474752    
  0.7575762    
  0.7676772    
  0.7777783    
  0.7878792    
  0.7979803    
  0.8080813    
  0.8181823    
  0.8282833    
  0.8383844    
  0.8484854    
  0.8585864    
  0.8686874    
  0.8787885    
  0.8888894    
  0.8989905    
  0.9090915    
  0.9191926    
  0.9292935    
  0.9393946    
  0.9494956    
  0.9595966    
  0.9696976    
  0.9797987    
  0.9898996    
   1.000001    
