  0.0000000E+00
  3.1415928E-02
  6.2831856E-02
  9.4247781E-02
  0.1256637    
  0.1570796    
  0.1884956    
  0.2199115    
  0.2513274    
  0.2827433    
  0.3141593    
  0.3455752    
  0.3769911    
  0.4084071    
  0.4398230    
  0.4712389    
  0.5026549    
  0.5340708    
  0.5654867    
  0.5969026    
  0.6283185    
  0.6597345    
  0.6911504    
  0.7225663    
  0.7539822    
  0.7853982    
  0.8168141    
  0.8482301    
  0.8796460    
  0.9110619    
  0.9424778    
  0.9738938    
   1.005310    
   1.036726    
   1.068142    
   1.099558    
   1.130973    
   1.162389    
   1.193805    
   1.225221    
   1.256637    
   1.288053    
   1.319469    
   1.350885    
   1.382301    
   1.413717    
   1.445133    
   1.476549    
   1.507964    
   1.539381    
   1.570796    
   1.602212    
   1.633628    
   1.665044    
   1.696460    
   1.727876    
   1.759292    
   1.790708    
   1.822124    
   1.853540    
   1.884956    
   1.916372    
   1.947788    
   1.979203    
   2.010619    
   2.042035    
   2.073451    
   2.104867    
   2.136283    
   2.167699    
   2.199115    
   2.230531    
   2.261947    
   2.293363    
   2.324779    
   2.356194    
   2.387610    
   2.419026    
   2.450442    
   2.481858    
   2.513274    
   2.544690    
   2.576106    
   2.607522    
   2.638938    
   2.670354    
   2.701770    
   2.733186    
   2.764602    
   2.796017    
   2.827434    
   2.858850    
   2.890265    
   2.921681    
   2.953097    
   2.984513    
   3.015929    
   3.047345    
   3.078761    
   3.110177    
   3.141593    
   3.173009    
   3.204425    
   3.235841    
   3.267256    
   3.298672    
   3.330088    
   3.361504    
   3.392920    
   3.424336    
   3.455752    
   3.487168    
   3.518584    
   3.550000    
   3.581416    
   3.612832    
   3.644248    
   3.675663    
   3.707079    
   3.738496    
   3.769911    
   3.801327    
   3.832743    
   3.864159    
   3.895575    
   3.926991    
   3.958407    
   3.989823    
   4.021239    
   4.052655    
   4.084070    
   4.115487    
   4.146903    
   4.178319    
   4.209734    
   4.241150    
   4.272566    
   4.303982    
   4.335398    
   4.366814    
   4.398230    
   4.429646    
   4.461061    
   4.492478    
   4.523893    
   4.555309    
   4.586725    
   4.618142    
   4.649557    
   4.680973    
   4.712389    
   4.743805    
   4.775221    
   4.806637    
   4.838053    
   4.869469    
   4.900885    
   4.932301    
   4.963717    
   4.995132    
   5.026548    
   5.057964    
   5.089380    
   5.120796    
   5.152212    
   5.183628    
   5.215044    
   5.246460    
   5.277876    
   5.309292    
   5.340707    
   5.372123    
   5.403540    
   5.434956    
   5.466372    
   5.497787    
   5.529203    
   5.560619    
   5.592035    
   5.623451    
   5.654867    
   5.686283    
   5.717699    
   5.749115    
   5.780530    
   5.811946    
   5.843362    
   5.874778    
   5.906195    
   5.937611    
   5.969027    
   6.000442    
   6.031858    
   6.063274    
   6.094690    
   6.126106    
   6.157522    
   6.188938    
   6.220354    
   6.251770    
   6.283185    
